<?xml version = "1.0" encoding = "UTF-8" ?>
<map>
    <information>
        <map_name>cave_4_002</map_name>
        <map_biome>cave_4</map_biome>
        <map_tiles_x>66</map_tiles_x>
        <map_tiles_y>66</map_tiles_y>
        <map_seed>0</map_seed>
        <map_music_name>cave_4</map_music_name>
        <map_music_number>1</map_music_number>
        <world_orientation>0 0 1</world_orientation>
    </information>

    <tile_data>
        # tileNone           =  0,  // None
        # tileFloor          =  1,  // Floor tile
        # tilePath           =  2,  // Path tile
        # tileFloorNoGo      =  3,  // Floor no go tile
        # tilePathNoGo       =  4,  // Path no go tile
        # tileWallTall       =  5,  // Wall tall tile
        # tileWallTallHole   =  6,  // Wall tall tile - hole
        # tileWallShort      =  7,  // Wall short tile
        # tileDoorWay        =  8,  // DoorWay tile
        # tileDoorwayNoGo    =  9   // Doorway no go tile
        <tiles>5,5,5,5,5,5,5,5,5,5,5,5,5,5,5,5,5,5,5,5,5,5,5,5,5,5,5,5,5,5,5,5,5,5,5,5,5,5,5,5,5,5,5,5,5,5,5,5,5,5,5,5,5,5,5,5,5,5,5,5,5,5,5,5,5,5</tiles>
        <tiles>5,5,5,5,5,5,5,5,5,5,5,5,5,5,5,5,5,5,5,5,5,5,5,5,5,5,5,5,5,5,5,5,5,5,5,5,5,5,5,5,5,5,5,5,5,5,5,5,5,5,5,5,5,5,5,5,5,5,5,5,5,5,5,5,5,5</tiles>
        <tiles>5,5,5,5,5,5,5,5,5,5,5,5,5,5,5,5,1,1,1,5,5,1,1,1,5,5,5,5,1,1,1,1,1,1,1,1,1,1,1,1,1,1,1,5,5,5,5,5,5,1,1,1,1,1,1,5,5,5,5,5,5,5,5,5,5,5</tiles>
        <tiles>5,5,5,5,5,5,5,5,5,5,5,5,5,5,1,1,1,1,1,1,1,1,1,1,5,5,5,1,1,1,1,1,1,1,1,1,1,1,1,1,1,1,1,1,5,5,5,5,1,1,1,1,1,1,1,1,5,5,5,5,5,5,5,5,5,5</tiles>
        <tiles>5,5,5,5,5,5,5,5,5,5,5,1,1,1,1,1,1,1,1,1,1,1,1,1,1,1,1,1,1,1,1,1,1,1,1,1,1,1,1,1,1,1,1,1,5,5,1,1,1,1,1,1,1,1,1,1,5,5,5,5,5,5,5,5,5,5</tiles>
        <tiles>5,5,5,5,5,5,5,5,5,5,1,1,1,1,1,1,1,1,1,1,1,1,1,1,1,1,1,1,1,1,1,1,1,1,1,1,1,1,1,1,1,1,1,1,1,1,1,1,1,1,1,1,1,1,1,1,5,5,5,5,5,5,5,5,5,5</tiles>
        <tiles>5,5,5,5,5,5,5,5,1,1,1,1,1,1,1,1,1,1,1,1,1,1,1,1,1,1,1,1,1,1,1,1,1,1,1,1,1,1,1,1,1,1,1,1,1,1,1,1,1,1,1,1,1,1,1,1,1,5,5,5,5,5,5,5,5,5</tiles>
        <tiles>5,5,5,5,5,5,5,5,1,1,1,1,1,1,1,1,1,1,1,1,1,1,1,1,1,5,5,5,5,1,1,1,1,1,1,1,1,1,1,1,1,1,1,1,1,1,1,1,1,1,1,1,1,1,1,1,1,5,5,5,5,5,5,5,5,5</tiles>
        <tiles>5,5,5,5,5,5,5,1,1,1,1,1,1,1,1,1,1,1,1,1,1,1,5,5,5,5,5,5,5,5,5,1,1,1,1,1,1,1,1,1,1,1,1,1,1,1,1,1,1,1,1,1,1,1,1,1,1,1,5,5,5,5,5,5,5,5</tiles>
        <tiles>5,5,5,5,1,1,1,1,1,1,1,1,1,1,1,1,1,1,1,1,5,5,5,5,5,5,5,5,5,5,5,5,5,1,1,1,1,1,1,1,1,1,1,1,1,1,1,1,1,1,1,1,1,1,1,1,1,1,1,5,5,5,5,5,5,5</tiles>
        <tiles>5,5,1,1,1,1,1,1,1,1,1,1,1,1,1,1,1,1,5,5,5,5,5,5,5,5,5,5,5,5,5,5,5,5,5,1,1,1,1,1,1,1,1,1,1,1,1,1,1,1,5,5,5,1,1,1,1,1,1,1,5,5,5,5,5,5</tiles>
        <tiles>5,5,1,1,1,1,1,1,1,1,1,1,1,1,1,1,1,1,5,5,5,5,5,5,5,5,5,5,5,5,5,5,5,5,5,1,1,1,1,1,1,1,1,1,1,1,1,1,1,1,5,5,5,1,1,1,1,1,1,1,1,5,5,5,5,5</tiles>
        <tiles>5,5,1,1,1,1,1,1,1,1,1,1,1,1,1,1,1,1,1,1,5,5,5,5,5,5,5,5,5,5,5,5,5,1,1,1,1,1,1,1,1,1,1,1,1,1,1,1,5,5,5,5,5,5,1,1,1,1,1,1,1,5,5,5,5,5</tiles>
        <tiles>5,5,5,1,1,1,1,1,1,1,1,1,1,1,1,1,1,1,1,1,1,5,5,5,5,5,5,5,5,5,5,1,1,1,1,1,1,1,1,1,1,1,5,5,1,1,1,1,5,5,5,5,5,5,5,1,1,1,1,1,1,1,5,5,5,5</tiles>
        <tiles>5,5,5,5,1,1,1,1,1,1,1,1,1,1,1,1,1,1,1,1,1,1,5,5,5,5,5,5,5,5,1,1,1,1,1,1,1,1,1,1,1,1,5,5,1,1,1,5,5,5,5,5,5,5,5,1,1,1,1,1,1,1,5,5,5,5</tiles>
        <tiles>5,5,5,5,1,1,1,1,1,1,1,1,1,1,1,1,1,1,1,1,1,1,1,1,5,5,5,5,1,1,1,1,1,1,1,1,1,1,1,1,1,5,5,5,5,1,1,5,5,5,5,5,5,5,5,5,1,1,1,1,1,1,5,5,5,5</tiles>
        <tiles>5,5,5,5,1,1,1,1,1,1,1,1,1,1,1,1,1,1,1,1,1,1,1,1,1,5,5,1,1,1,1,1,1,1,1,1,1,1,1,1,5,5,5,5,5,1,1,5,5,5,5,5,5,5,5,5,5,1,1,1,1,1,1,5,5,5</tiles>
        <tiles>5,5,5,1,1,1,1,1,1,1,1,1,1,1,1,1,1,1,1,1,1,1,1,1,1,1,1,1,1,1,1,1,1,1,1,1,1,1,1,1,5,5,5,5,5,1,1,1,5,5,5,5,5,5,5,5,5,1,1,1,1,1,1,5,5,5</tiles>
        <tiles>5,5,1,1,1,1,1,1,1,5,5,1,1,1,1,1,1,1,1,1,1,1,1,1,1,1,1,1,1,1,1,1,1,1,1,1,1,1,1,1,5,5,5,5,5,1,1,1,5,5,5,5,5,5,5,5,1,1,1,1,1,1,1,5,5,5</tiles>
        <tiles>5,5,1,1,1,1,1,1,1,5,5,1,1,1,1,1,1,1,1,1,1,1,1,1,1,1,1,1,1,1,1,1,1,1,1,1,1,1,1,1,1,5,5,5,1,1,1,1,1,5,5,5,5,5,5,1,1,1,1,1,1,1,5,5,5,5</tiles>
        <tiles>5,5,1,1,1,1,1,1,1,5,5,1,1,1,1,1,1,1,1,1,1,1,5,5,1,1,1,1,1,1,1,1,1,1,1,1,1,1,1,1,1,5,5,1,1,1,1,1,1,5,5,5,5,1,1,1,1,1,1,1,5,5,5,5,5,5</tiles>
        <tiles>5,5,5,1,1,1,1,1,1,1,1,1,1,1,1,1,1,1,1,1,5,5,5,5,5,1,1,1,1,1,1,1,1,1,1,1,1,1,1,1,1,1,1,1,1,1,1,1,1,1,1,5,5,1,1,1,1,1,1,5,5,5,5,5,5,5</tiles>
        <tiles>5,5,5,5,1,1,1,1,1,1,1,1,1,1,1,1,1,1,1,5,5,5,5,5,5,5,1,1,1,1,1,1,1,1,1,1,1,1,1,1,1,1,1,1,1,1,1,1,1,1,1,1,1,1,1,1,1,1,1,5,5,5,5,5,5,5</tiles>
        <tiles>5,5,5,5,5,1,1,1,1,1,1,1,1,1,1,1,1,1,1,5,5,5,5,5,5,5,1,1,1,1,1,1,1,1,1,1,1,1,1,1,1,1,1,1,1,1,1,1,1,1,1,1,1,1,1,1,1,1,5,5,5,5,5,5,5,5</tiles>
        <tiles>5,5,5,5,5,5,1,1,1,1,1,1,1,1,1,1,1,1,1,1,1,1,5,5,1,1,1,1,1,1,5,5,1,1,1,1,1,1,1,1,1,1,1,1,1,1,1,1,1,1,1,1,1,1,1,1,1,5,5,5,5,5,5,5,5,5</tiles>
        <tiles>5,5,5,5,5,5,1,1,1,1,1,1,1,1,1,1,1,1,1,1,1,1,1,1,1,1,1,1,5,5,5,5,5,1,1,1,1,1,1,1,1,1,1,1,1,1,1,1,1,1,5,5,1,1,1,1,1,5,5,5,5,5,5,5,5,5</tiles>
        <tiles>5,5,5,5,5,5,5,1,1,1,1,1,1,1,1,1,1,1,1,5,5,5,1,1,1,1,5,5,5,5,5,5,5,5,5,5,1,1,1,1,1,1,1,1,1,1,1,1,1,1,5,5,5,1,1,1,1,1,5,5,5,5,5,5,5,5</tiles>
        <tiles>5,5,5,5,5,5,5,1,1,1,1,1,1,1,1,1,1,5,5,5,5,5,1,1,1,5,5,5,5,5,5,5,5,5,5,5,5,1,1,1,1,1,1,1,1,1,1,1,1,5,5,5,5,1,1,1,1,1,1,5,5,5,5,5,5,5</tiles>
        <tiles>5,5,5,5,5,5,1,1,1,1,1,1,1,1,1,1,1,5,5,5,5,5,5,5,5,5,5,5,5,5,5,5,5,5,5,5,5,1,1,1,1,1,1,5,5,1,1,1,1,5,5,5,5,5,1,1,1,1,1,5,5,5,5,5,5,5</tiles>
        <tiles>5,5,5,5,5,1,1,1,1,1,1,1,1,1,1,1,5,5,5,5,5,5,5,5,5,5,5,5,5,5,5,5,5,5,5,5,5,5,5,1,1,1,5,5,5,5,1,1,5,5,5,5,5,5,1,1,1,1,1,1,5,5,5,5,5,5</tiles>
        <tiles>5,5,5,5,1,1,1,1,1,1,1,1,1,1,1,1,5,5,5,5,5,5,5,5,5,5,5,5,5,5,5,5,5,5,5,5,5,5,5,1,1,1,5,5,5,5,5,1,5,5,5,5,5,5,5,1,1,1,1,1,5,5,5,5,5,5</tiles>
        <tiles>5,5,1,1,1,1,1,1,1,1,1,1,1,1,1,5,5,5,5,5,5,5,5,5,5,5,5,5,5,5,5,5,5,5,5,5,5,5,5,5,1,1,1,5,5,5,5,1,5,5,5,5,5,5,5,1,1,1,1,1,1,5,5,5,5,5</tiles>
        <tiles>5,5,1,1,1,1,1,1,1,1,1,1,1,1,1,5,5,5,5,5,5,5,5,5,5,5,5,5,5,5,5,5,5,5,5,5,5,5,5,5,1,1,1,5,5,5,1,1,5,5,5,5,5,5,5,1,1,1,1,1,1,5,5,5,5,5</tiles>
        <tiles>5,5,1,1,1,1,1,1,1,1,1,1,1,1,1,5,5,5,5,5,5,5,5,5,5,5,5,5,5,5,5,5,5,5,5,5,5,5,5,5,1,1,1,1,5,5,1,1,1,5,5,5,5,5,1,1,1,1,1,1,1,1,1,5,5,5</tiles>
        <tiles>5,5,1,1,1,1,1,1,1,1,1,1,1,1,1,5,5,5,5,5,5,5,5,5,5,5,5,5,5,5,5,5,5,5,5,5,5,5,5,5,1,1,1,1,1,1,1,1,1,5,5,5,5,5,1,1,1,1,1,1,1,1,1,5,5,5</tiles>
        <tiles>5,5,5,5,1,1,1,1,1,1,1,1,1,1,1,1,5,5,5,5,5,5,5,5,5,5,5,5,5,5,5,5,5,5,5,5,5,5,5,1,1,1,1,1,1,1,1,1,1,5,5,5,5,1,1,1,1,1,1,1,1,1,1,1,5,5</tiles>
        <tiles>5,5,5,5,5,5,1,1,1,1,1,1,1,1,1,1,5,5,5,5,5,5,5,5,5,5,5,5,5,5,5,5,5,5,5,5,5,5,5,1,1,1,1,1,1,1,1,1,1,1,5,5,1,1,1,1,1,1,1,1,1,1,1,1,5,5</tiles>
        <tiles>5,5,5,5,5,5,5,5,1,1,1,1,1,1,1,1,1,5,5,5,5,5,5,5,5,5,5,5,5,5,5,5,5,5,5,5,5,5,1,1,1,1,1,1,1,1,1,1,1,1,5,5,1,1,1,1,1,1,1,1,1,1,1,1,5,5</tiles>
        <tiles>5,5,5,5,5,5,5,5,1,1,1,1,1,1,1,1,1,5,5,5,5,5,5,5,5,5,5,5,5,5,5,5,5,5,5,5,5,5,1,1,1,1,1,1,1,1,1,1,1,1,1,1,1,1,1,1,1,1,1,1,1,1,1,1,5,5</tiles>
        <tiles>5,5,5,5,5,5,5,5,1,1,1,1,1,1,1,1,1,5,5,5,5,5,5,5,5,5,5,5,5,5,5,5,5,5,5,5,5,1,1,1,1,1,1,1,1,1,1,1,1,1,1,1,1,1,1,1,1,1,1,1,1,1,1,5,5,5</tiles>
        <tiles>5,5,5,5,5,5,5,5,1,1,1,1,1,1,1,1,1,1,5,5,5,5,5,5,1,1,1,1,5,5,5,5,5,1,1,5,5,1,1,1,1,1,1,1,1,1,1,1,1,1,1,1,1,1,1,1,1,1,1,1,1,1,5,5,5,5</tiles>
        <tiles>5,5,5,5,5,5,5,1,1,1,1,1,1,1,1,1,1,1,1,1,5,5,5,5,1,1,1,1,1,1,5,5,1,1,1,1,1,1,1,1,1,1,1,1,1,1,1,1,1,1,1,1,1,1,1,1,1,1,1,1,1,1,5,5,5,5</tiles>
        <tiles>5,5,5,5,5,5,5,1,1,1,1,1,1,1,1,1,1,1,1,1,1,5,5,5,5,1,1,1,1,1,1,1,1,1,1,1,1,1,1,1,1,1,1,1,1,1,1,1,1,1,1,1,1,1,1,1,1,1,1,1,1,5,5,5,5,5</tiles>
        <tiles>5,5,5,5,5,5,1,1,1,1,1,1,1,1,1,1,1,1,1,1,1,1,5,5,5,1,1,1,1,1,1,1,1,1,1,1,1,1,1,1,1,1,1,1,1,1,1,1,1,1,1,1,1,1,1,1,1,1,1,1,1,5,5,5,5,5</tiles>
        <tiles>5,5,5,5,5,1,1,1,1,1,1,1,1,1,1,1,1,1,1,1,1,1,1,5,5,5,1,1,1,1,1,1,1,1,1,1,1,1,1,1,1,1,1,1,1,1,1,1,1,1,1,1,1,1,1,1,1,1,1,1,1,5,5,5,5,5</tiles>
        <tiles>5,5,5,5,5,1,1,1,1,1,1,5,5,5,1,1,1,1,1,1,1,1,1,1,5,5,1,1,1,1,1,1,1,1,1,1,1,1,1,1,1,1,1,1,1,1,1,1,1,1,1,1,1,5,5,1,1,1,1,1,5,5,5,5,5,5</tiles>
        <tiles>5,5,5,5,5,1,1,1,1,1,1,5,5,5,1,1,1,1,1,1,1,1,1,1,1,1,1,1,1,1,1,1,1,1,1,1,1,1,1,1,1,1,1,1,1,1,1,1,1,1,1,1,5,5,5,5,1,1,1,1,5,5,5,5,5,5</tiles>
        <tiles>5,5,5,5,1,1,1,1,1,1,1,1,1,1,1,1,1,1,1,1,1,1,1,1,1,1,1,1,1,1,1,1,1,1,1,1,1,1,1,1,1,1,1,1,1,1,1,1,1,1,1,5,5,5,5,5,5,1,1,1,5,5,5,5,5,5</tiles>
        <tiles>5,5,5,5,1,1,1,1,1,1,1,1,1,1,1,1,1,1,1,1,1,1,1,1,1,1,1,1,1,1,1,5,5,1,1,1,1,5,5,1,1,1,1,1,1,1,1,1,1,1,1,5,5,5,5,5,5,1,1,1,5,5,5,5,5,5</tiles>
        <tiles>5,5,5,1,1,1,1,1,1,1,1,1,1,1,1,1,1,1,1,1,1,1,1,1,1,1,1,1,1,1,1,5,5,5,5,1,1,5,5,1,1,1,1,1,1,1,1,1,1,1,1,1,5,5,5,1,1,1,1,1,5,5,5,5,5,5</tiles>
        <tiles>5,5,1,1,1,1,1,1,1,1,1,1,1,1,1,5,5,1,1,1,1,1,1,1,1,1,1,1,1,1,1,1,5,5,5,5,5,5,5,5,1,1,1,1,1,1,1,1,1,1,1,1,1,5,5,1,1,1,1,1,1,5,5,5,5,5</tiles>
        <tiles>5,5,1,1,1,1,1,1,1,1,1,1,1,5,5,5,5,5,1,1,1,1,1,1,1,1,1,1,1,1,1,1,1,5,5,5,5,5,5,5,1,1,1,1,1,1,1,1,1,1,1,1,1,1,1,1,1,1,1,1,1,5,5,5,5,5</tiles>
        <tiles>5,5,5,1,1,1,1,1,1,1,1,1,1,5,5,5,5,5,5,1,1,1,1,1,1,1,1,1,1,1,1,1,1,5,5,5,5,5,5,1,1,1,1,1,1,1,1,1,1,1,1,1,1,1,1,1,1,1,1,1,1,1,5,5,5,5</tiles>
        <tiles>5,5,5,5,1,1,1,1,1,1,1,1,1,1,1,5,5,5,5,5,1,1,1,1,1,1,1,1,1,1,1,1,1,5,5,5,5,5,5,1,1,1,1,1,1,1,1,1,1,1,1,1,1,1,1,5,5,1,1,1,1,1,5,5,5,5</tiles>
        <tiles>5,5,5,5,1,1,1,1,1,1,1,1,1,1,1,1,5,5,5,5,1,1,1,1,1,1,1,1,1,1,1,1,1,1,5,5,5,5,5,5,1,1,1,1,1,1,1,1,1,1,1,1,1,5,5,5,5,1,1,1,1,1,1,1,5,5</tiles>
        <tiles>5,5,5,5,1,1,1,1,1,1,1,1,1,1,1,1,1,5,5,1,1,1,1,1,1,1,1,1,1,1,1,1,1,1,1,1,5,5,5,5,5,1,1,1,1,1,1,1,1,1,1,5,5,5,5,5,5,5,1,1,1,1,1,1,5,5</tiles>
        <tiles>5,5,5,1,1,1,1,1,1,1,1,1,1,1,1,1,1,1,1,1,1,1,1,1,1,1,1,1,1,1,1,1,1,1,1,1,1,1,5,5,5,1,1,1,1,1,1,1,1,1,1,5,5,5,5,5,5,5,1,1,1,1,1,1,5,5</tiles>
        <tiles>5,5,5,1,1,1,1,1,1,1,1,1,1,1,1,1,1,1,1,1,1,1,1,1,1,1,1,1,1,1,1,1,1,1,1,1,1,1,1,5,5,1,1,1,1,1,1,1,1,1,1,1,5,5,5,5,5,1,1,1,1,1,1,1,5,5</tiles>
        <tiles>5,5,1,1,1,1,1,1,1,1,1,1,1,1,1,1,1,1,1,1,1,1,1,1,1,1,1,1,1,1,1,1,1,1,1,1,1,1,1,1,1,1,1,1,1,1,1,1,1,1,1,1,1,1,1,5,5,1,1,1,1,1,5,5,5,5</tiles>
        <tiles>5,5,5,1,1,1,1,1,1,1,1,1,1,1,1,1,1,1,1,1,1,1,1,1,1,1,1,1,1,1,1,1,1,1,1,1,1,1,1,1,1,1,1,1,1,1,1,1,1,1,1,1,1,1,1,1,1,1,1,1,1,5,5,5,5,5</tiles>
        <tiles>5,5,5,5,5,1,1,1,1,1,1,1,1,1,1,5,5,1,1,1,1,1,1,1,1,1,1,1,1,1,1,1,1,1,1,1,1,1,1,1,1,1,1,1,1,1,1,1,1,1,1,1,1,1,1,1,1,1,1,1,5,5,5,5,5,5</tiles>
        <tiles>5,5,5,5,5,1,1,1,1,1,1,1,1,1,5,5,5,5,1,1,1,1,1,1,1,5,5,1,1,1,1,1,1,1,1,1,1,1,1,1,1,1,1,1,1,5,5,5,1,1,1,1,1,1,1,1,1,1,1,5,5,5,5,5,5,5</tiles>
        <tiles>5,5,5,5,5,5,5,1,1,1,1,1,1,5,5,5,5,5,1,1,1,1,1,1,5,5,5,5,5,5,1,1,1,1,1,1,1,1,1,1,1,1,1,5,5,5,5,5,5,5,5,1,1,1,1,1,1,1,5,5,5,5,5,5,5,5</tiles>
        <tiles>5,5,5,5,5,5,5,5,5,1,1,1,5,5,5,5,5,5,5,1,1,1,1,1,5,5,5,5,5,5,5,1,1,1,1,1,1,1,1,1,1,5,5,5,5,5,5,5,5,5,5,5,1,1,1,1,1,5,5,5,5,5,5,5,5,5</tiles>
        <tiles>5,5,5,5,5,5,5,5,5,5,5,5,5,5,5,5,5,5,5,1,1,1,1,5,5,5,5,5,5,5,5,5,5,5,5,5,5,5,5,5,5,5,5,5,5,5,5,5,5,5,5,5,5,5,5,5,5,5,5,5,5,5,5,5,5,5</tiles>
        <tiles>5,5,5,5,5,5,5,5,5,5,5,5,5,5,5,5,5,5,5,1,1,1,1,5,5,5,5,5,5,5,5,5,5,5,5,5,5,5,5,5,5,5,5,5,5,5,5,5,5,5,5,5,5,5,5,5,5,5,5,5,5,5,5,5,5,5</tiles>
    </tile_data>

    <player>
    # This is used when not warping from a prior map
        <player_start_tile>34 0 </player_start_tile>
        <player_start_rotation>1.5708</player_start_rotation>
    </player>

    <portals>
        # These are used when warping from a prior map
        # Portal number, map from database name, and portal, tile location x, y, player face direction
        # 0.0000 - Face south
        # 1.5708 - Face east
        # 3.1416 - Face north
        # 4.7124 - Face west
        <portal>1 cave_4_001  0 21 62 0.0000</portal>
    </portals>

    <events>
        # Event number, type, tile x, y, trigger tile x, y, database map name, repeat
        # Type 1: trigger object on tile
        # Type 2: map warp event
        <event>1 2  02 00  00 00  cave_4_001 0</event>
    </events>

    <rooms>
        # roomTypeNone         =  0, // None / empty
        # roomTypeCell         =  1, // Prison Cell
        # roomTypeSecret       =  2, // Secret room
        # roomTypeStairwell    =  3, // Stairwell
        # roomTypeStore        =  4, // Store
        # roomTypeBlacksmith   =  5, // Blacksmith
        # roomTypeCanteen      =  6, // Canteen
        # roomTypeStorage      =  7, // Storage room
        # roomTypeLibrary      =  8, // Library
        # roomTypeAlchemyLab   =  9, // Alchemy Lab
        # roomTypeLaboratory   = 10, // Laboratory
        # roomTypeTorture      = 11  // Torture Chamber
        #Tile x, y, (any within the room), type, ignore room number (use for the interconnecting route, -1 for none)
    </rooms>

    <npc_mobs>
        # database name, number, prevalence
    </npc_mobs>

    <debris_objects>
        # database name, scale min, scale max, prevalence
        <debris>crystal_ice 0.5 1 20</debris>
        <debris>bone  0.5 1 30</debris>
    </debris_objects>

    <npcs>
        # database name, number, tile x, y, scale x, y, z, rotation x, y, z
        <npc>dragon_ice 1 32 4 1 1 1 0.0000 0 0.0000</npc>
    </npcs>

    <objects>
        # database name, number, tile x, y, scale x, y, z, rotation x, y, z, trigger tile x, y, trigger event number
        # Portal bottom
        <object>portal_cave_right  1  019 065  0.0000 0.0000 0.0000  0.0000 3.1416 0.0000 000 000 1</object>
        <object>portal_cave_center 1  020 065  0.0000 0.0000 0.0000  0.0000 3.1416 0.0000 000 000 1</object>
        <object>portal_cave_center 1  021 065  0.0000 0.0000 0.0000  0.0000 3.1416 0.0000 000 000 1</object>
        <object>portal_cave_left   1  022 065  0.0000 0.0000 0.0000  0.0000 3.1416 0.0000 000 000 1</object>

    </objects>

</map>
