<?xml version = "1.0" encoding = "UTF-8" ?>
<map>
    <information>
        <map_name>cave_1_001</map_name>
        <map_biome>cave_1</map_biome>
        <map_tiles_x>72</map_tiles_x>
        <map_tiles_y>36</map_tiles_y>
        <map_seed>0</map_seed>
        <map_music_name>cave_1</map_music_name>
        <map_music_number>1</map_music_number>
        <world_orientation>0 0 1</world_orientation>
    </information>

    <tile_data>
        # tileNone           =  0,  // None
        # tileFloor          =  1,  // Floor tile
        # tilePath           =  2,  // Path tile
        # tileFloorNoGo      =  3,  // Floor no go tile
        # tilePathNoGo       =  4,  // Path no go tile
        # tileWallTall       =  5,  // Wall tall tile
        # tileWallTallHole   =  6,  // Wall tall tile - hole
        # tileWallShort      =  7,  // Wall short tile
        # tileDoorWay        =  8,  // DoorWay tile
        # tileDoorwayNoGo    =  9   // Doorway no go tile
        <tiles>5,5,5,5,5,5,5,5,5,5,5,5,5,5,5,5,5,5,5,5,5,5,5,5,5,5,5,5,5,5,5,5,5,5,5,5,5,5,5,5,5,5,5,5,5,5,5,5,5,5,1,1,1,1,5,5,5,5,5,5,5,5,5,5,5,5,5,5,5,5,5,5</tiles>
        <tiles>5,5,5,5,5,5,5,5,5,5,5,5,5,5,5,5,5,5,5,5,5,5,5,5,5,5,5,5,5,5,5,5,5,5,5,5,5,5,5,5,1,1,1,5,5,5,5,5,5,5,1,1,1,1,5,5,5,5,5,5,5,1,1,5,5,5,5,5,5,5,5,5</tiles>
        <tiles>5,5,1,1,1,1,1,1,1,1,1,1,5,5,1,1,1,1,1,1,1,1,1,1,1,1,5,5,5,5,5,5,5,5,5,5,5,5,5,1,1,1,1,1,5,5,5,5,5,5,1,1,1,1,1,5,5,5,5,5,1,1,1,1,1,1,5,5,5,5,5,5</tiles>
        <tiles>5,5,1,1,1,1,1,1,1,1,1,1,5,5,1,1,1,1,1,1,1,1,1,1,1,1,5,5,5,5,5,5,5,5,5,5,5,5,1,1,1,1,1,1,1,5,5,5,5,5,1,1,1,1,1,5,5,5,5,1,1,1,1,1,1,1,1,5,5,5,5,5</tiles>
        <tiles>5,5,1,1,1,1,1,1,1,1,1,1,5,5,1,1,1,1,1,1,1,1,1,1,1,1,5,5,5,5,5,5,5,5,5,5,5,5,1,1,1,1,1,1,1,5,5,5,5,5,1,1,1,1,1,5,5,5,5,1,1,1,1,1,1,1,1,1,5,5,5,5</tiles>
        <tiles>5,5,1,1,1,1,1,1,1,1,1,1,5,5,1,1,1,1,1,1,1,1,1,1,1,1,5,5,5,5,5,5,5,5,5,5,5,1,1,1,5,5,1,1,1,1,5,5,5,1,1,1,1,1,1,1,5,5,1,1,1,1,1,1,1,1,1,1,1,5,5,5</tiles>
        <tiles>5,5,1,1,1,1,1,1,1,1,1,1,5,5,1,1,1,1,1,1,1,1,1,1,1,1,5,5,5,5,5,5,5,5,5,5,5,1,1,1,5,5,1,1,1,1,5,5,1,1,1,1,1,1,1,1,5,5,1,1,1,1,1,5,5,1,1,1,1,1,5,5</tiles>
        <tiles>5,5,1,1,1,1,1,1,1,1,1,1,5,5,1,1,1,1,1,1,1,1,1,1,1,1,5,5,5,5,5,5,5,5,5,5,5,1,1,1,1,1,1,1,1,1,5,5,1,1,1,1,1,1,1,5,5,5,5,1,1,1,5,5,5,5,1,1,1,1,5,5</tiles>
        <tiles>5,5,1,1,1,1,1,1,1,1,1,1,5,5,1,1,1,1,1,1,1,1,1,1,1,1,5,5,5,5,5,5,5,5,5,5,5,5,1,1,1,1,1,1,1,5,5,5,5,1,1,1,1,1,1,5,5,5,5,1,1,1,5,5,5,5,1,1,1,1,5,5</tiles>
        <tiles>5,5,1,1,1,1,1,1,1,1,1,1,5,5,1,1,1,1,1,1,1,1,1,1,1,1,5,5,5,5,5,5,5,5,5,5,5,5,1,1,1,1,1,1,1,5,5,5,5,5,1,1,1,1,1,5,5,5,5,1,1,1,5,5,5,5,5,1,1,1,5,5</tiles>
        <tiles>5,5,1,1,1,1,1,1,1,1,1,1,5,5,1,1,1,1,1,1,1,1,1,1,1,1,5,5,5,5,5,5,5,5,5,5,5,5,5,1,1,1,1,1,1,5,5,5,5,5,1,1,1,1,1,1,5,5,1,1,1,5,5,5,5,5,5,1,1,1,5,5</tiles>
        <tiles>5,5,1,1,1,1,1,1,1,1,1,1,5,5,1,1,1,1,1,1,1,1,1,1,1,1,5,5,5,5,5,5,5,5,5,5,5,5,5,5,1,1,1,1,5,5,5,5,5,1,1,1,1,1,1,1,1,1,1,1,1,5,5,5,5,5,1,1,1,1,5,5</tiles>
        <tiles>5,5,1,1,1,1,1,1,1,1,1,1,5,5,1,1,1,1,1,1,1,1,1,1,1,1,5,5,5,5,5,5,5,5,5,5,5,5,5,5,1,1,1,1,5,5,5,5,5,1,1,1,1,1,1,1,1,1,1,1,1,5,5,5,5,1,1,1,1,5,5,5</tiles>
        <tiles>5,5,5,5,5,5,1,1,5,5,5,5,5,5,5,5,5,5,5,1,1,5,5,5,5,5,5,5,5,5,5,5,5,5,5,5,5,5,5,1,1,1,1,1,5,5,5,5,1,1,1,1,1,1,1,1,1,1,1,1,5,5,5,5,1,1,1,1,5,5,5,5</tiles>
        <tiles>5,5,5,5,5,5,1,1,5,5,5,5,5,5,5,5,5,5,5,1,1,5,5,5,5,5,5,5,5,5,5,5,5,5,1,1,5,5,1,1,1,1,1,1,1,5,1,1,1,1,1,1,1,1,1,1,1,1,1,1,5,5,5,1,1,1,1,1,5,5,5,5</tiles>
        <tiles>1,1,1,1,1,1,1,1,1,1,1,1,1,1,1,1,1,1,1,1,1,1,1,1,1,5,5,5,1,5,5,5,5,1,1,1,1,1,1,1,1,1,1,1,1,1,1,1,1,1,1,1,1,1,1,1,1,1,1,1,1,1,1,1,1,1,1,1,1,5,5,5</tiles>
        <tiles>1,1,1,1,1,1,1,1,1,1,1,1,1,1,1,1,1,1,1,1,1,1,1,1,1,1,1,1,1,1,5,5,1,1,1,1,1,1,1,1,1,1,1,1,1,1,1,1,1,1,1,1,1,1,1,1,1,1,1,1,1,1,1,1,1,1,1,1,1,1,5,5</tiles>
        <tiles>1,1,1,1,1,1,1,1,1,1,1,1,1,1,1,1,1,1,1,1,1,1,1,1,1,1,1,1,1,1,1,1,1,1,5,5,1,1,1,1,1,1,1,1,1,1,1,1,1,1,1,1,1,1,1,1,1,1,1,1,1,1,1,1,1,1,1,1,1,1,5,5</tiles>
        <tiles>1,1,1,1,1,1,1,1,1,1,1,1,1,1,1,1,1,1,1,1,1,1,1,1,1,1,5,5,1,1,1,1,1,5,5,5,5,1,1,1,1,1,1,1,1,1,1,1,1,1,1,1,5,5,1,1,1,1,1,1,1,1,1,5,5,1,1,1,1,5,5,5</tiles>
        <tiles>5,5,5,5,5,5,1,1,5,5,5,5,5,5,5,5,5,5,5,1,1,5,5,5,5,5,5,5,5,1,1,1,1,5,5,5,5,5,1,1,1,1,1,1,1,1,1,1,1,1,5,5,5,5,5,5,1,1,1,1,1,1,5,5,5,1,1,1,5,5,5,5</tiles>
        <tiles>5,5,5,5,5,5,1,1,5,5,5,5,5,5,5,5,5,5,5,1,1,5,5,5,5,5,5,5,5,5,1,1,5,5,5,5,5,5,5,1,1,1,1,1,1,5,5,5,5,5,5,5,5,5,5,5,5,5,5,1,1,1,5,5,5,5,5,5,5,5,5,5</tiles>
        <tiles>5,5,1,1,1,1,1,1,1,1,1,1,5,5,1,1,1,1,1,1,1,1,1,1,1,1,5,5,5,5,5,5,5,5,5,5,5,5,5,5,1,1,1,1,5,5,5,5,5,5,5,5,5,5,5,5,5,5,5,5,1,1,1,5,5,5,5,5,5,5,5,5</tiles>
        <tiles>5,5,1,1,1,1,1,1,1,1,1,1,5,5,1,1,1,1,1,1,1,1,1,1,1,1,5,5,5,5,5,5,5,5,5,5,5,5,5,5,5,1,1,1,5,5,5,5,5,5,5,5,5,5,5,5,5,5,5,5,1,1,1,1,5,5,5,5,5,5,5,5</tiles>
        <tiles>5,5,1,1,1,1,1,1,1,1,1,1,5,5,1,1,1,1,1,1,1,1,1,1,1,1,5,5,5,5,5,5,5,5,5,5,5,5,5,5,5,1,1,1,1,5,5,5,1,1,1,1,1,5,5,5,5,5,5,5,5,1,1,1,1,1,5,5,5,5,5,5</tiles>
        <tiles>5,5,1,1,1,1,1,1,1,1,1,1,5,5,1,1,1,1,1,1,1,1,1,1,1,1,5,5,5,5,5,5,5,5,5,5,5,5,5,5,5,1,1,1,1,1,1,1,1,1,1,1,1,1,1,1,5,5,5,5,5,5,1,1,1,1,1,5,5,5,5,5</tiles>
        <tiles>5,5,1,1,1,1,1,1,1,1,1,1,5,5,1,1,1,1,1,1,1,1,1,1,1,1,5,5,5,5,5,5,5,5,5,5,5,5,5,5,5,1,1,1,1,1,1,1,1,1,1,1,1,1,1,1,1,5,5,5,5,5,5,1,1,1,1,5,5,5,5,5</tiles>
        <tiles>5,5,1,1,1,1,1,1,1,1,1,1,5,5,1,1,1,1,1,1,1,1,1,1,1,1,5,5,5,5,5,5,5,5,5,5,5,5,5,5,5,5,1,1,1,1,1,1,1,1,5,5,1,1,1,1,1,1,1,5,5,5,5,1,1,1,1,5,5,5,5,5</tiles>
        <tiles>5,5,1,1,1,1,1,1,1,1,1,1,5,5,1,1,1,1,1,1,1,1,1,1,1,1,5,5,5,5,5,5,5,5,5,5,5,5,5,5,5,5,5,1,1,1,1,1,5,5,5,5,5,5,1,1,1,1,1,1,5,5,1,1,1,1,5,5,5,5,5,5</tiles>
        <tiles>5,5,1,1,1,1,1,1,1,1,1,1,5,5,1,1,1,1,1,1,1,1,1,1,1,1,5,5,5,5,5,5,5,5,5,5,5,5,5,5,5,5,5,5,1,1,1,5,5,5,5,5,5,5,1,1,1,1,1,1,1,1,1,1,1,5,5,5,5,5,5,5</tiles>
        <tiles>5,5,1,1,1,1,1,1,1,1,1,1,5,5,1,1,1,1,1,1,1,1,1,1,1,1,5,5,5,5,5,5,5,5,5,5,5,5,5,5,5,5,5,5,5,5,5,5,5,5,5,5,5,5,5,1,1,1,1,1,1,1,1,1,5,5,5,5,5,5,5,5</tiles>
        <tiles>5,5,1,1,1,1,1,1,1,1,1,1,5,5,1,1,1,1,1,1,1,1,1,1,1,1,5,5,5,5,5,5,5,5,5,5,5,5,5,5,5,5,5,5,5,5,5,5,5,5,5,5,5,5,5,5,1,1,1,1,1,1,1,5,5,5,5,5,5,5,5,5</tiles>
        <tiles>5,5,1,1,1,1,1,1,1,1,1,1,5,5,1,1,1,1,1,1,1,1,1,1,1,1,5,5,5,5,5,5,5,5,5,5,5,5,5,5,5,5,5,5,5,5,5,5,5,5,5,5,5,5,5,5,5,1,1,1,1,1,5,5,5,5,5,5,5,5,5,5</tiles>
        <tiles>5,5,1,1,1,1,1,1,1,1,1,1,5,5,1,1,1,1,1,1,1,1,1,1,1,1,5,5,5,5,5,5,5,5,5,5,5,5,5,5,5,5,5,5,5,5,5,5,5,5,5,5,5,5,5,5,5,5,1,1,1,5,5,5,5,5,5,5,5,5,5,5</tiles>
        <tiles>5,5,1,1,1,1,1,1,1,1,1,1,5,5,1,1,1,1,1,1,1,1,1,1,1,1,5,5,5,5,5,5,5,5,5,5,5,5,5,5,5,5,5,5,5,5,5,5,5,5,5,5,5,5,5,5,5,5,5,5,5,5,5,5,5,5,5,5,5,5,5,5</tiles>
        <tiles>5,5,5,5,5,5,5,5,5,5,5,5,5,5,5,5,5,5,5,5,5,5,5,5,5,5,5,5,5,5,5,5,5,5,5,5,5,5,5,5,5,5,5,5,5,5,5,5,5,5,5,5,5,5,5,5,5,5,5,5,5,5,5,5,5,5,5,5,5,5,5,5</tiles>
        <tiles>5,5,5,5,5,5,5,5,5,5,5,5,5,5,5,5,5,5,5,5,5,5,5,5,5,5,5,5,5,5,5,5,5,5,5,5,5,5,5,5,5,5,5,5,5,5,5,5,5,5,5,5,5,5,5,5,5,5,5,5,5,5,5,5,5,5,5,5,5,5,5,5</tiles>
    </tile_data>

    <player>
    # This is used when not warping from a prior map
        <player_start_tile>16 31</player_start_tile>
        <player_start_rotation>1.5708</player_start_rotation>
    </player>

    <portals>
        # These are used when warping from a prior map
        # Portal number, map from database name, and portal, tile location x, y, player face direction
        # 0.0000 - Face south
        # 1.5708 - Face east
        # 3.1416 - Face north
        # 4.7124 - Face west
        <portal>1 town_1_001     0 04 17 4.7124</portal>
        <portal>2 cave_1_002     0 52 02 3.1416</portal>
    </portals>

    <events>
        # Event number, type, tile x, y, trigger tile x, y, database map name, repeat
        # Type 1: trigger object on tile
        # Type 2: map warp event
        <event>1 2  01 00  00 00  town_1_001 0</event>
        <event>2 2  01 00  00 00  cave_1_002 0</event>
    </events>

    <rooms>
        # roomTypeNone         =  0, // None / empty
        # roomTypeCell         =  1, // Prison Cell
        # roomTypeSecret       =  2, // Secret room
        # roomTypeStairwell    =  3, // Stairwell
        # roomTypeStore        =  4, // Store
        # roomTypeBlacksmith   =  5, // Blacksmith
        # roomTypeCanteen      =  6, // Canteen
        # roomTypeStorage      =  7, // Storage room
        # roomTypeLibrary      =  8, // Library
        # roomTypeAlchemyLab   =  9, // Alchemy Lab
        # roomTypeLaboratory   = 10, // Laboratory
        # roomTypeTorture      = 11  // Torture Chamber
        #Tile x, y, (any within the room), type, ignore room number (use for the interconnecting route, -1 for none)
    </rooms>

    <npc_mobs>
        # database name, number, prevalence
        <#npc_mob>bat_leader_1 0 4</npc_mob>
        <npc_mob>bug_1        0 16</npc_mob>
        <#npc_mob>skeleton_1 0 5</npc_mob>
    </npc_mobs>

    <debris_objects>
        # database name, scale min, scale max, prevalence
        <debris>bone            0.75 1.00 06</debris>
        <debris>rock_small_2    0.75 1.00 31</debris>
        <debris>mushroom_orange 1.00 2.00 31</debris>
        <debris>barrel_debris   0.75 1.00 31</debris>
    </debris_objects>

    <npcs>
        # database name, number, tile x, y, scale x, y, z, rotation x, y, z
    </npcs>

    <objects>
        # database name, number, tile x, y, scale x, y, z, rotation x, y, z, trigger tile x, y, trigger event number

        # Portal left
        <object>portal_cave_right  1  000 015  0.0000 0.0000 0.0000  0.0000 1.5708 0.0000 000 000 1</object>
        <object>portal_cave_center 1  000 016  0.0000 0.0000 0.0000  0.0000 1.5708 0.0000 000 000 1</object>
        <object>portal_cave_center 1  000 017  0.0000 0.0000 0.0000  0.0000 1.5708 0.0000 000 000 1</object>
        <object>portal_cave_left   1  000 018  0.0000 0.0000 0.0000  0.0000 1.5708 0.0000 000 000 1</object>

        # Portal top
        <object>portal_cave_right  1  050 000  0.0000 0.0000 0.0000  0.0000 3.1416 0.0000 000 000 2</object>
        <object>portal_cave_center 1  051 000  0.0000 0.0000 0.0000  0.0000 3.1416 0.0000 000 000 2</object>
        <object>portal_cave_center 1  052 000  0.0000 0.0000 0.0000  0.0000 3.1416 0.0000 000 000 2</object>
        <object>portal_cave_left   1  053 000  0.0000 0.0000 0.0000  0.0000 3.1416 0.0000 000 000 2</object>

        # Barrels room 1
        <object>barrel_stack       4  004 003  0.0000 0.0000 0.0000  0.0000 0.0000 0.0000 000 000 0</object>
        <object>barrel_stack       2  009 003  0.0000 0.0000 0.0000  0.0000 0.0000 0.0000 000 000 0</object>
        <object>barrel             6  006 006  0.0000 0.0000 0.0000  0.0000 0.0000 0.0000 000 000 0</object>
        <object>barrel             6  005 007  0.0000 0.0000 0.0000  0.0000 0.0000 0.0000 000 000 0</object>
        <object>barrel             6  007 007  0.0000 0.0000 0.0000  0.0000 0.0000 0.0000 000 000 0</object>

        # Barrels room 2
        <object>barrel_stack       3  004 032  0.0000 0.0000 0.0000  0.0000 0.0000 0.0000 000 000 0</object>
        <object>barrel_stack       1  009 032  0.0000 0.0000 0.0000  0.0000 0.0000 0.0000 000 000 0</object>
        <object>barrel             6  007 026  0.0000 0.0000 0.0000  0.0000 0.0000 0.0000 000 000 0</object>
        <object>barrel             6  003 027  0.0000 0.0000 0.0000  0.0000 0.0000 0.0000 000 000 0</object>
        <object>barrel             6  004 027  0.0000 0.0000 0.0000  0.0000 0.0000 0.0000 000 000 0</object>
        <object>barrel             6  006 025  0.0000 0.0000 0.0000  0.0000 0.0000 0.0000 000 000 0</object>
        <object>barrel             6  005 028  0.0000 0.0000 0.0000  0.0000 0.0000 0.0000 000 000 0</object>
        <object>barrel             6  007 029  0.0000 0.0000 0.0000  0.0000 0.0000 0.0000 000 000 0</object>
        
    </objects>

</map>
