<?xml version = "1.0" encoding = "UTF-8" ?>
<map>
    <information>
        <map_name>cave_4_012</map_name>
        <map_biome>cave_4</map_biome>
        <map_tiles_x>66</map_tiles_x>
        <map_tiles_y>66</map_tiles_y>
        <map_seed>0</map_seed>
        <map_music_name>cave_4</map_music_name>
        <map_music_number>1</map_music_number>
        <world_orientation>0 0 1</world_orientation>
    </information>

    <tile_data>
        # tileNone           =  0,  // None
        # tileFloor          =  1,  // Floor tile
        # tilePath           =  2,  // Path tile
        # tileFloorNoGo      =  3,  // Floor no go tile
        # tilePathNoGo       =  4,  // Path no go tile
        # tileWallTall       =  5,  // Wall tall tile
        # tileWallTallHole   =  6,  // Wall tall tile - hole
        # tileWallShort      =  7,  // Wall short tile
        # tileDoorWay        =  8,  // DoorWay tile
        # tileDoorwayNoGo    =  9   // Doorway no go tile
        <tiles>5,5,5,5,5,5,5,5,5,5,5,5,5,5,5,5,5,5,5,5,5,5,5,5,5,5,5,5,5,5,5,1,1,1,1,5,5,5,5,5,5,5,5,5,5,5,5,5,5,5,5,5,5,5,5,5,5,5,5,5,5,5,5,5,5,5</tiles>
        <tiles>5,5,5,5,5,5,5,5,5,5,5,5,5,5,5,5,5,5,5,5,5,5,5,5,5,5,5,5,5,5,5,1,1,1,1,5,5,5,5,5,5,5,5,5,5,5,5,5,5,5,5,5,5,5,5,5,5,5,5,5,5,5,5,5,5,5</tiles>
        <tiles>5,5,5,5,5,5,5,5,5,5,5,5,5,5,5,5,5,5,5,5,5,5,5,5,5,5,5,5,1,1,1,1,1,1,1,1,5,5,5,5,5,5,5,5,5,5,5,5,5,5,5,5,5,5,5,5,5,5,5,5,5,5,5,5,5,5</tiles>
        <tiles>5,5,5,5,5,5,5,5,5,5,5,5,5,5,5,5,5,5,5,5,5,5,5,5,5,5,1,1,1,1,1,1,1,1,1,1,1,1,5,5,5,5,5,5,5,5,5,5,5,5,5,5,5,5,5,5,5,5,5,5,5,5,5,5,5,5</tiles>
        <tiles>5,5,5,5,5,5,5,5,5,5,5,5,5,5,5,5,5,5,5,5,5,5,5,1,1,1,1,1,1,1,1,1,1,1,1,1,1,1,1,1,5,5,5,5,5,5,5,5,5,5,5,5,5,5,5,5,5,5,5,5,5,5,5,5,5,5</tiles>
        <tiles>5,5,5,5,5,5,5,5,5,5,5,5,5,5,5,5,5,5,5,5,5,1,1,1,1,1,1,1,1,1,1,1,1,1,1,1,1,1,1,1,5,5,5,1,1,1,5,5,5,5,5,5,5,5,5,5,5,5,5,5,5,5,5,5,5,5</tiles>
        <tiles>5,5,5,5,5,5,5,5,5,5,5,5,5,5,5,5,5,5,5,1,1,1,1,1,1,1,1,1,1,1,1,1,1,1,1,1,1,1,1,1,1,1,1,1,1,1,1,1,5,5,5,5,5,5,5,5,5,5,5,5,5,5,5,5,5,5</tiles>
        <tiles>5,5,5,5,5,5,5,5,5,5,5,5,5,5,5,5,5,1,1,1,1,1,1,1,1,1,1,1,1,1,1,1,1,1,1,1,1,1,1,1,1,1,1,1,1,1,1,1,1,1,5,5,5,5,5,5,5,5,5,5,5,5,5,5,5,5</tiles>
        <tiles>5,5,5,5,5,5,5,5,5,5,5,5,5,5,5,1,1,1,1,1,1,1,1,1,1,5,5,1,1,1,1,1,1,1,1,1,1,1,1,1,1,1,1,1,1,1,1,1,1,1,1,1,5,5,5,5,5,5,5,5,5,5,5,5,5,5</tiles>
        <tiles>5,5,5,5,5,5,5,5,5,5,5,5,5,1,1,1,1,1,1,1,1,1,1,5,5,5,5,1,1,1,1,1,1,1,1,1,1,1,1,1,5,5,5,1,1,1,1,1,1,1,1,1,1,1,5,5,5,5,5,5,5,5,5,5,5,5</tiles>
        <tiles>5,5,5,5,5,5,5,5,5,5,1,1,1,1,1,1,1,1,1,1,1,1,5,5,5,5,5,5,1,1,1,1,1,1,1,1,1,1,1,1,5,5,5,5,5,1,1,1,1,1,1,1,1,1,5,5,5,5,5,5,5,5,5,5,5,5</tiles>
        <tiles>5,5,5,5,5,5,5,1,1,1,1,1,1,1,1,1,1,1,1,1,1,1,5,5,5,5,5,5,1,1,1,1,1,1,1,1,1,1,1,1,5,5,5,5,5,5,1,1,1,1,1,1,1,1,1,5,5,5,5,5,5,5,5,5,5,5</tiles>
        <tiles>5,5,5,5,5,5,5,1,1,1,1,1,1,1,1,1,1,1,1,1,5,5,5,5,5,5,5,5,5,1,1,1,1,1,1,1,1,1,1,1,1,5,5,5,5,5,5,5,1,1,1,1,1,1,1,1,1,5,5,5,5,5,5,5,5,5</tiles>
        <tiles>5,5,5,5,5,5,1,1,1,1,1,1,1,1,1,1,1,1,1,5,5,5,5,5,5,5,5,5,5,1,1,1,1,1,1,1,1,1,1,1,1,5,5,5,5,5,5,5,5,1,1,1,1,1,1,1,1,5,5,5,5,5,5,5,5,5</tiles>
        <tiles>5,5,5,5,1,1,1,1,1,1,1,1,1,1,1,1,1,1,1,5,5,5,5,5,5,5,5,5,5,1,1,1,1,1,1,1,1,1,1,1,1,1,5,5,5,5,5,5,5,5,5,1,1,1,1,1,1,1,5,5,5,5,5,5,5,5</tiles>
        <tiles>5,5,5,5,1,1,1,1,1,1,1,1,1,1,1,1,1,5,5,5,5,5,5,5,5,5,5,5,5,5,1,1,1,1,1,1,1,1,1,1,1,1,5,5,5,5,5,5,5,5,5,1,1,1,1,1,1,1,5,5,5,5,5,5,5,5</tiles>
        <tiles>5,5,5,5,1,1,1,1,1,1,1,1,1,1,1,1,5,5,5,5,5,5,5,5,5,5,5,5,5,5,1,1,1,1,1,1,1,1,1,1,1,5,5,5,5,5,5,5,5,5,5,5,1,1,1,1,1,1,1,5,5,5,5,5,5,5</tiles>
        <tiles>5,5,5,1,1,1,1,1,1,1,1,1,1,1,1,1,5,5,5,5,5,5,5,5,5,5,5,5,5,1,1,1,1,1,1,1,1,1,1,1,1,5,5,5,5,5,5,5,5,5,5,5,1,1,1,1,1,1,1,1,5,5,5,5,5,5</tiles>
        <tiles>5,5,1,1,1,1,1,1,1,1,1,1,1,1,1,5,5,5,5,5,5,5,5,5,5,5,5,5,5,1,1,1,1,1,1,1,1,1,1,1,1,5,5,5,5,5,5,5,5,5,5,1,1,1,1,1,1,1,1,1,5,5,5,5,5,5</tiles>
        <tiles>5,5,1,1,1,1,1,1,1,1,1,1,1,1,1,5,5,5,5,5,5,5,5,5,5,5,5,5,1,1,1,1,1,1,1,1,1,1,1,1,5,5,5,5,5,5,5,5,5,5,5,1,1,1,1,1,1,1,1,5,5,5,5,5,5,5</tiles>
        <tiles>5,5,1,1,1,1,1,1,1,1,1,1,1,1,5,5,5,5,5,5,5,5,5,5,5,5,5,5,1,1,1,1,1,1,1,1,1,1,1,1,5,5,5,5,5,5,5,5,5,5,5,5,1,1,1,1,1,1,1,5,5,5,5,5,5,5</tiles>
        <tiles>5,5,5,1,1,1,1,1,1,1,1,1,1,1,5,5,5,5,5,5,5,5,5,5,5,5,5,1,1,1,1,1,1,1,1,1,1,1,1,5,5,5,5,5,5,5,5,5,5,5,5,5,1,1,1,1,1,1,1,5,5,5,5,5,5,5</tiles>
        <tiles>5,5,5,5,1,1,1,1,1,1,1,1,1,1,1,5,5,5,5,5,5,5,5,5,5,5,5,1,1,1,1,1,1,1,1,1,1,1,1,5,5,5,5,5,5,5,5,5,5,5,5,5,5,1,1,1,1,1,1,1,5,5,5,5,5,5</tiles>
        <tiles>5,5,5,5,5,1,1,1,1,1,1,1,1,1,1,5,5,5,5,5,5,5,5,5,5,5,1,1,1,1,1,1,1,1,1,1,1,1,5,5,5,5,5,5,5,5,5,5,5,5,5,5,5,1,1,1,1,1,1,1,5,5,5,5,5,5</tiles>
        <tiles>5,5,5,5,5,1,1,1,1,1,1,1,1,1,1,5,5,5,5,5,5,5,5,5,5,5,1,1,1,1,1,1,1,1,1,1,1,1,5,5,5,5,5,5,5,5,5,5,5,5,5,5,5,1,1,1,1,1,1,5,5,5,5,5,5,5</tiles>
        <tiles>5,5,5,5,5,5,1,1,1,1,1,1,1,1,1,1,5,5,5,5,5,5,5,5,5,1,1,1,1,1,1,1,1,1,1,1,1,5,5,5,5,5,5,5,5,5,5,5,5,5,5,5,5,5,1,1,1,1,1,5,5,5,5,5,5,5</tiles>
        <tiles>5,5,5,5,5,5,1,1,1,1,1,1,1,1,1,1,5,5,5,5,5,5,5,5,5,1,1,1,1,1,1,1,1,1,1,1,1,5,5,5,5,5,5,5,5,5,5,5,5,5,5,5,5,5,1,1,1,1,1,1,5,5,5,5,5,5</tiles>
        <tiles>5,5,5,5,5,1,1,1,1,1,1,1,1,1,1,1,1,5,5,5,5,5,5,5,5,5,1,1,1,1,1,1,1,1,1,1,5,5,5,5,5,5,5,5,5,5,5,5,5,5,5,5,5,5,5,1,1,1,1,1,5,5,5,5,5,5</tiles>
        <tiles>5,5,5,5,5,1,1,1,1,1,1,1,1,1,1,1,1,5,5,5,5,5,5,5,5,5,1,1,1,1,1,1,1,1,1,1,5,5,5,5,5,5,5,5,5,5,5,5,5,5,5,5,5,5,5,1,1,1,1,1,1,5,5,5,5,5</tiles>
        <tiles>5,5,5,5,1,1,1,1,1,1,1,1,1,1,1,1,1,5,5,5,5,5,5,5,5,5,5,1,1,1,1,1,1,1,1,1,5,5,5,5,5,5,5,5,5,5,5,5,5,5,5,5,5,5,5,5,1,1,1,1,1,5,5,5,5,5</tiles>
        <tiles>5,5,5,5,1,1,1,1,1,1,1,1,1,1,1,1,1,1,5,5,5,5,5,5,5,5,5,1,1,1,1,1,1,1,1,1,1,5,5,5,5,5,5,5,5,5,5,5,5,5,5,5,5,5,5,5,1,1,1,1,1,1,5,5,5,5</tiles>
        <tiles>5,5,5,5,5,1,1,1,1,1,1,5,5,1,1,1,1,1,5,5,5,5,5,5,5,5,5,1,1,1,1,1,1,1,1,1,1,5,5,5,5,5,5,5,5,5,5,5,5,5,5,5,5,5,5,5,5,1,1,1,1,1,5,5,5,5</tiles>
        <tiles>5,5,5,5,5,1,1,1,1,1,1,5,5,1,1,1,1,1,5,5,5,5,5,5,5,5,5,5,1,1,1,1,1,1,1,1,1,1,5,5,5,5,5,5,5,5,5,5,5,5,5,5,5,5,5,5,5,1,1,1,1,1,1,5,5,5</tiles>
        <tiles>5,5,5,5,5,5,1,1,1,1,1,1,1,1,1,1,1,1,1,5,5,5,5,5,5,5,5,5,1,1,1,1,1,1,1,1,1,1,5,5,5,5,5,5,5,5,5,5,5,5,5,5,5,5,5,5,5,5,1,1,1,1,1,5,5,5</tiles>
        <tiles>5,5,5,5,5,5,1,1,1,1,1,1,1,1,1,1,1,1,1,5,5,5,5,5,5,5,5,5,5,1,1,1,1,1,1,1,1,1,1,5,5,5,5,5,5,5,5,5,5,5,5,5,5,5,5,5,5,5,1,1,1,1,1,1,5,5</tiles>
        <tiles>5,5,5,5,5,5,1,1,1,1,1,1,1,1,1,1,1,1,5,5,5,5,5,5,5,5,5,5,5,1,1,1,1,1,1,1,1,1,1,5,5,5,5,5,5,5,5,5,5,5,5,5,5,5,5,5,5,1,1,1,1,1,1,1,5,5</tiles>
        <tiles>5,5,5,5,5,5,5,1,1,1,1,1,1,1,1,1,1,1,5,5,5,5,5,5,5,5,5,5,5,5,1,1,1,1,1,1,1,1,1,1,5,5,5,5,5,5,5,5,5,5,5,5,5,5,5,5,5,1,1,1,1,1,1,1,5,5</tiles>
        <tiles>5,5,5,5,5,5,5,1,1,1,1,1,1,1,1,1,1,5,5,5,5,5,5,5,5,5,5,5,5,5,1,1,1,1,1,1,1,1,1,1,5,5,5,5,5,5,5,5,5,5,5,5,5,5,5,5,5,1,1,1,1,1,1,5,5,5</tiles>
        <tiles>5,5,5,5,5,5,5,5,1,1,1,1,1,1,1,1,1,5,5,5,5,5,5,5,5,5,5,5,5,5,5,1,1,1,1,1,1,1,1,1,5,5,5,5,5,5,5,5,5,5,5,5,5,5,5,5,1,1,1,1,1,1,1,5,5,5</tiles>
        <tiles>5,5,5,5,5,5,5,5,1,1,1,1,1,1,1,1,5,5,5,5,5,5,5,5,5,5,5,5,5,5,5,1,1,1,1,1,1,1,1,5,5,5,5,5,5,5,5,5,5,5,5,5,5,5,5,5,1,1,1,1,1,1,1,5,5,5</tiles>
        <tiles>5,5,5,5,5,5,5,5,1,1,1,1,1,1,1,5,5,5,5,5,5,5,5,5,5,5,5,5,5,5,5,1,1,1,1,1,1,1,1,5,5,5,5,5,5,5,5,5,5,5,5,5,5,5,1,1,1,1,1,1,1,1,5,5,5,5</tiles>
        <tiles>5,5,5,5,5,5,5,1,1,1,1,1,1,1,1,5,5,5,5,5,5,5,5,5,5,5,5,5,5,5,5,5,1,1,1,1,1,1,5,5,5,5,5,5,5,5,5,5,5,5,5,5,5,1,1,1,1,1,1,1,1,5,5,5,5,5</tiles>
        <tiles>5,5,5,5,5,5,5,1,1,1,1,1,1,1,1,1,5,5,5,5,5,5,5,5,5,5,5,5,5,5,5,5,1,1,1,1,1,1,5,5,5,5,5,5,5,5,5,5,5,5,5,5,5,1,1,1,1,1,1,1,1,5,5,5,5,5</tiles>
        <tiles>5,5,5,5,5,5,1,1,1,1,1,1,1,1,1,1,5,5,5,5,5,5,5,5,5,5,5,5,5,5,5,1,1,1,1,1,1,5,5,5,5,5,5,5,5,5,5,5,5,5,5,5,5,5,1,1,1,1,1,1,1,5,5,5,5,5</tiles>
        <tiles>5,5,5,5,5,5,1,1,1,1,1,1,1,1,1,1,5,5,5,5,5,5,5,5,5,5,5,5,5,5,5,1,1,1,1,1,1,5,5,5,5,5,5,5,5,5,5,5,5,5,5,5,5,5,1,1,1,1,1,1,1,1,5,5,5,5</tiles>
        <tiles>5,5,5,5,5,5,1,1,1,1,1,1,1,1,1,5,5,5,5,5,5,5,5,5,5,5,5,5,5,5,1,1,1,1,1,1,5,5,5,5,5,5,5,5,5,5,5,5,5,5,5,5,5,5,5,1,1,1,1,1,1,1,1,5,5,5</tiles>
        <tiles>5,5,5,5,5,5,5,1,1,1,1,1,1,1,1,5,5,5,5,5,5,5,5,5,5,5,5,5,5,5,1,1,1,1,1,1,5,5,5,5,5,5,5,5,5,5,5,5,5,5,5,5,5,5,5,1,1,1,1,1,1,1,1,5,5,5</tiles>
        <tiles>5,5,5,5,5,5,5,1,1,1,1,1,1,1,1,1,5,5,5,5,5,5,5,5,5,5,5,5,5,1,1,1,1,1,1,1,5,5,5,5,5,5,5,5,5,5,5,5,5,5,5,5,5,5,5,5,1,1,1,1,1,1,1,5,5,5</tiles>
        <tiles>5,5,5,5,5,5,5,5,1,1,1,1,1,1,1,1,5,5,5,5,5,5,5,5,5,5,5,5,5,1,1,1,1,1,1,5,5,5,5,5,5,5,5,5,5,5,5,5,5,5,5,5,5,5,5,5,1,1,1,1,1,1,5,5,5,5</tiles>
        <tiles>5,5,5,5,5,5,5,5,1,1,1,1,1,1,1,1,5,5,5,5,5,5,5,5,5,5,5,5,1,1,1,1,1,1,1,5,5,5,5,5,5,5,5,5,5,5,5,5,5,5,5,5,5,5,5,5,1,1,1,1,1,5,5,5,5,5</tiles>
        <tiles>5,5,5,5,5,5,5,5,1,1,1,1,1,1,1,1,1,5,5,5,5,5,5,5,5,5,5,5,1,1,1,1,1,1,1,1,5,5,5,5,5,5,5,5,5,5,5,5,5,5,5,5,5,5,5,1,1,1,1,1,1,5,5,5,5,5</tiles>
        <tiles>5,5,5,5,5,5,5,5,5,1,1,1,1,1,1,1,1,5,5,5,5,5,5,5,5,5,5,1,1,1,1,1,1,1,1,1,5,5,5,5,5,5,5,5,5,5,5,5,5,5,5,5,5,5,5,1,1,1,1,1,1,1,5,5,5,5</tiles>
        <tiles>5,5,5,5,5,5,5,5,5,1,1,1,1,1,1,1,1,1,5,5,5,5,5,5,5,5,5,1,1,1,1,1,1,1,1,1,1,5,5,5,5,5,5,5,5,5,5,5,5,5,5,5,5,5,1,1,1,1,1,1,1,1,1,5,5,5</tiles>
        <tiles>5,5,5,5,5,5,5,5,5,5,1,1,1,1,1,1,1,1,5,5,5,5,5,5,5,5,1,1,1,1,1,1,1,1,1,1,1,5,5,5,5,5,5,5,5,5,5,5,5,5,5,5,5,5,1,1,1,1,1,1,1,1,1,5,5,5</tiles>
        <tiles>5,5,5,5,5,5,5,5,5,5,1,1,1,1,1,1,1,1,1,5,5,5,5,5,5,5,1,1,1,1,1,1,1,1,1,1,1,1,5,5,5,5,5,5,5,5,5,5,5,5,5,5,5,1,1,1,1,1,1,1,1,1,1,5,5,5</tiles>
        <tiles>5,5,5,5,5,5,5,5,5,5,1,1,1,1,1,1,1,1,1,5,5,5,5,5,5,5,1,1,1,1,1,1,1,1,1,1,1,1,5,5,5,5,5,5,5,5,5,5,5,5,5,5,5,1,1,1,1,1,1,1,1,1,1,5,5,5</tiles>
        <tiles>5,5,5,5,5,5,5,5,5,5,5,1,1,1,1,1,1,1,1,5,5,5,5,5,5,5,5,1,1,1,1,1,1,1,1,1,1,1,1,5,5,5,5,5,5,5,5,5,5,5,5,5,1,1,1,1,1,1,1,1,1,1,5,5,5,5</tiles>
        <tiles>5,5,5,5,5,5,5,5,5,5,5,1,1,1,1,1,1,1,1,1,5,5,5,5,5,5,5,1,1,1,1,1,1,1,1,1,1,1,1,5,5,5,5,5,5,5,5,5,5,5,1,1,1,1,1,1,1,1,1,1,1,5,5,5,5,5</tiles>
        <tiles>5,5,5,5,5,5,5,5,5,5,5,5,1,1,1,1,1,1,1,1,5,5,5,5,5,5,5,5,1,1,1,1,1,1,1,1,1,1,5,5,5,5,5,5,5,5,5,5,5,1,1,1,1,1,1,1,1,1,1,5,5,5,5,5,5,5</tiles>
        <tiles>5,5,5,5,5,5,5,5,5,5,5,5,1,1,1,1,1,1,1,1,1,5,5,5,5,5,5,5,1,1,1,1,1,1,1,1,1,1,5,5,5,5,5,5,5,5,5,5,5,1,1,1,1,1,1,1,1,5,5,5,5,5,5,5,5,5</tiles>
        <tiles>5,5,5,5,5,5,5,5,5,5,5,5,5,1,1,1,1,1,1,1,1,5,5,5,5,5,5,5,5,1,1,1,1,1,1,1,1,1,5,5,5,5,5,5,5,5,5,5,1,1,1,1,1,1,1,5,5,5,5,5,5,5,5,5,5,5</tiles>
        <tiles>5,5,5,5,5,5,5,5,5,5,5,5,5,1,1,1,1,1,1,1,1,5,5,5,5,5,5,5,5,1,1,1,1,1,1,1,1,1,5,5,5,5,5,5,5,5,5,5,1,1,1,1,1,5,5,5,5,5,5,5,5,5,5,5,5,5</tiles>
        <tiles>5,5,5,5,5,5,5,5,5,5,5,5,5,5,1,1,1,1,1,1,5,5,5,5,5,5,5,5,5,5,1,1,1,1,1,1,1,5,5,5,5,5,5,5,5,5,5,5,1,1,1,1,1,5,5,5,5,5,5,5,5,5,5,5,5,5</tiles>
        <tiles>5,5,5,5,5,5,5,5,5,5,5,5,5,5,1,1,1,1,1,1,5,5,5,5,5,5,5,5,5,5,1,1,1,1,1,1,5,5,5,5,5,5,5,5,5,5,5,1,1,1,1,5,5,5,5,5,5,5,5,5,5,5,5,5,5,5</tiles>
        <tiles>5,5,5,5,5,5,5,5,5,5,5,5,5,5,5,1,1,1,1,5,5,5,5,5,5,5,5,5,5,5,5,1,1,1,1,5,5,5,5,5,5,5,5,5,5,5,5,1,1,1,1,5,5,5,5,5,5,5,5,5,5,5,5,5,5,5</tiles>
        <tiles>5,5,5,5,5,5,5,5,5,5,5,5,5,5,5,1,1,1,1,5,5,5,5,5,5,5,5,5,5,5,5,1,1,1,1,5,5,5,5,5,5,5,5,5,5,5,5,1,1,1,1,5,5,5,5,5,5,5,5,5,5,5,5,5,5,5</tiles>
    </tile_data>

    <player>
    # This is used when not warping from a prior map
        <player_start_tile>46 31 </player_start_tile>
        <player_start_rotation>1.5708</player_start_rotation>
    </player>

    <portals>
        # These are used when warping from a prior map
        # Portal number, map from database name, and portal, tile location x, y, player face direction
        # 0.0000 - Face south
        # 1.5708 - Face east
        # 3.1416 - Face north
        # 4.7124 - Face west
        <portal>1 cave_4_009         0 17 63 0.0000</portal>
        <portal>2 cave_4_010         0 33 63 0.0000</portal>
        <portal>3 cave_4_011         0 49 63 0.0000</portal>
        <portal>4 cave_4_013         0 32 02 3.1416</portal>
    </portals>

    <events>
        # Event number, type, tile x, y, trigger tile x, y, database map name, repeat
        # Type 1: trigger object on tile
        # Type 2: map warp event
        <event>1 2  02 00  00 00  cave_4_009      0</event>
        <event>2 2  02 00  00 00  cave_4_010      0</event>
        <event>3 2  02 00  00 00  cave_4_011      0</event>
        <event>4 2  01 00  00 00  cave_4_013      0</event>
    </events>

    <rooms>
        # roomTypeNone         =  0, // None / empty
        # roomTypeCell         =  1, // Prison Cell
        # roomTypeSecret       =  2, // Secret room
        # roomTypeStairwell    =  3, // Stairwell
        # roomTypeStore        =  4, // Store
        # roomTypeBlacksmith   =  5, // Blacksmith
        # roomTypeCanteen      =  6, // Canteen
        # roomTypeStorage      =  7, // Storage room
        # roomTypeLibrary      =  8, // Library
        # roomTypeAlchemyLab   =  9, // Alchemy Lab
        # roomTypeLaboratory   = 10, // Laboratory
        # roomTypeTorture      = 11  // Torture Chamber
        #Tile x, y, (any within the room), type, ignore room number (use for the interconnecting route, -1 for none)
    </rooms>

    <npc_mobs>
        # database name, number, scale min, scale max, prevalence
        <npc_mob>golem_3    0 0.9 1.0 16 none 0</npc_mob>
    </npc_mobs>

    <debris_objects>
        # database name, scale min, scale max, prevalence
        <debris>crystal_ice     0.75 1.00  20 none 0</debris>
        <debris>bone            0.75 1.00  30 none 0</debris>
        <debris>rock_small_4    0.75 1.00  80 none 0</debris>
    </debris_objects>

    <npcs>
        # database name, number, tile x, y, scale x, y, z, rotation x, y, z
        <#npc>dragon_ice 1 32 4 1 1 1 0.0000 0 0.0000 none 0</npc>
    </npcs>

    <objects>
        # database name, number, tile x, y, scale x, y, z, rotation x, y, z, trigger tile x, y, trigger event number

        # Portal top left
        <object>portal_cave_right  1  015 065  0.0000 0.0000 0.0000  0.0000 3.1416 0.0000 000 000 1 none 0</object>
        <object>portal_cave_center 1  016 065  0.0000 0.0000 0.0000  0.0000 3.1416 0.0000 000 000 1 none 0</object>
        <object>portal_cave_center 1  017 065  0.0000 0.0000 0.0000  0.0000 3.1416 0.0000 000 000 1 none 0</object>
        <object>portal_cave_left   1  018 065  0.0000 0.0000 0.0000  0.0000 3.1416 0.0000 000 000 1 none 0</object>

        # Portal top right
        <object>portal_cave_right  1  047 065  0.0000 0.0000 0.0000  0.0000 3.1416 0.0000 000 000 3 none 0</object>
        <object>portal_cave_center 1  048 065  0.0000 0.0000 0.0000  0.0000 3.1416 0.0000 000 000 3 none 0</object>
        <object>portal_cave_center 1  049 065  0.0000 0.0000 0.0000  0.0000 3.1416 0.0000 000 000 3 none 0</object>
        <object>portal_cave_left   1  050 065  0.0000 0.0000 0.0000  0.0000 3.1416 0.0000 000 000 3 none 0</object>

        # Portal top
        <object>portal_cave_right  1  031 065  0.0000 0.0000 0.0000  0.0000 3.1416 0.0000 000 000 2 none 0</object>
        <object>portal_cave_center 1  032 065  0.0000 0.0000 0.0000  0.0000 3.1416 0.0000 000 000 2 none 0</object>
        <object>portal_cave_center 1  033 065  0.0000 0.0000 0.0000  0.0000 3.1416 0.0000 000 000 2 none 0</object>
        <object>portal_cave_left   1  034 065  0.0000 0.0000 0.0000  0.0000 3.1416 0.0000 000 000 2 none 0</object>

        # Portal bottom
        <object>portal_cave_right  1  031 000  0.0000 0.0000 0.0000  0.0000 3.1416 0.0000 000 000 4 none 0</object>
        <object>portal_cave_center 1  032 000  0.0000 0.0000 0.0000  0.0000 3.1416 0.0000 000 000 4 none 0</object>
        <object>portal_cave_center 1  033 000  0.0000 0.0000 0.0000  0.0000 3.1416 0.0000 000 000 4 none 0</object>
        <object>portal_cave_left   1  034 000  0.0000 0.0000 0.0000  0.0000 3.1416 0.0000 000 000 4 none 0</object>

        # Rock blockade ice golem mini boss 1
        <object>rock_4             0  025 001  0.0000 0.0000 0.0000  0.0000 3.1416 0.0000 000 000 0 golem_ice_mini_boss_1_dead 0</object>
        <object>rock_4             0  025 002  0.0000 0.0000 0.0000  0.0000 3.1416 0.0000 000 000 0 golem_ice_mini_boss_1_dead 0</object>
        <object>rock_4             0  025 003  0.0000 0.0000 0.0000  0.0000 3.1416 0.0000 000 000 0 golem_ice_mini_boss_1_dead 0</object>
        <object>rock_4             0  025 004  0.0000 0.0000 0.0000  0.0000 3.1416 0.0000 000 000 0 golem_ice_mini_boss_1_dead 0</object>
        <object>rock_4             0  025 005  0.0000 0.0000 0.0000  0.0000 3.1416 0.0000 000 000 0 golem_ice_mini_boss_1_dead 0</object>
        <object>rock_4             0  025 006  0.0000 0.0000 0.0000  0.0000 3.1416 0.0000 000 000 0 golem_ice_mini_boss_1_dead 0</object>
        <object>rock_4             0  025 007  0.0000 0.0000 0.0000  0.0000 3.1416 0.0000 000 000 0 golem_ice_mini_boss_1_dead 0</object>
        <object>rock_4             0  025 008  0.0000 0.0000 0.0000  0.0000 3.1416 0.0000 000 000 0 golem_ice_mini_boss_1_dead 0</object>
        <object>rock_4             0  025 009  0.0000 0.0000 0.0000  0.0000 3.1416 0.0000 000 000 0 golem_ice_mini_boss_1_dead 0</object>
        <object>rock_4             0  026 001  0.0000 0.0000 0.0000  0.0000 3.1416 0.0000 000 000 0 golem_ice_mini_boss_1_dead 0</object>
        <object>rock_4             0  026 002  0.0000 0.0000 0.0000  0.0000 3.1416 0.0000 000 000 0 golem_ice_mini_boss_1_dead 0</object>
        <object>rock_4             0  026 003  0.0000 0.0000 0.0000  0.0000 3.1416 0.0000 000 000 0 golem_ice_mini_boss_1_dead 0</object>
        <object>rock_4             0  026 004  0.0000 0.0000 0.0000  0.0000 3.1416 0.0000 000 000 0 golem_ice_mini_boss_1_dead 0</object>
        <object>rock_4             0  026 005  0.0000 0.0000 0.0000  0.0000 3.1416 0.0000 000 000 0 golem_ice_mini_boss_1_dead 0</object>
        <object>rock_4             0  026 006  0.0000 0.0000 0.0000  0.0000 3.1416 0.0000 000 000 0 golem_ice_mini_boss_1_dead 0</object>
        <object>rock_4             0  026 007  0.0000 0.0000 0.0000  0.0000 3.1416 0.0000 000 000 0 golem_ice_mini_boss_1_dead 0</object>
        <object>rock_4             0  026 008  0.0000 0.0000 0.0000  0.0000 3.1416 0.0000 000 000 0 golem_ice_mini_boss_1_dead 0</object>
        <object>rock_4             0  026 009  0.0000 0.0000 0.0000  0.0000 3.1416 0.0000 000 000 0 golem_ice_mini_boss_1_dead 0</object>
        <object>rock_4             0  027 001  0.0000 0.0000 0.0000  0.0000 3.1416 0.0000 000 000 0 golem_ice_mini_boss_1_dead 0</object>
        <object>rock_4             0  027 002  0.0000 0.0000 0.0000  0.0000 3.1416 0.0000 000 000 0 golem_ice_mini_boss_1_dead 0</object>
        <object>rock_4             0  027 003  0.0000 0.0000 0.0000  0.0000 3.1416 0.0000 000 000 0 golem_ice_mini_boss_1_dead 0</object>
        <object>rock_4             0  027 004  0.0000 0.0000 0.0000  0.0000 3.1416 0.0000 000 000 0 golem_ice_mini_boss_1_dead 0</object>
        <object>rock_4             0  027 005  0.0000 0.0000 0.0000  0.0000 3.1416 0.0000 000 000 0 golem_ice_mini_boss_1_dead 0</object>
        <object>rock_4             0  027 006  0.0000 0.0000 0.0000  0.0000 3.1416 0.0000 000 000 0 golem_ice_mini_boss_1_dead 0</object>
        <object>rock_4             0  027 007  0.0000 0.0000 0.0000  0.0000 3.1416 0.0000 000 000 0 golem_ice_mini_boss_1_dead 0</object>
        <object>rock_4             0  027 008  0.0000 0.0000 0.0000  0.0000 3.1416 0.0000 000 000 0 golem_ice_mini_boss_1_dead 0</object>
        <object>rock_4             0  027 009  0.0000 0.0000 0.0000  0.0000 3.1416 0.0000 000 000 0 golem_ice_mini_boss_1_dead 0</object>
        <object>rock_4             0  028 001  0.0000 0.0000 0.0000  0.0000 3.1416 0.0000 000 000 0 golem_ice_mini_boss_1_dead 0</object>
        <object>rock_4             0  028 002  0.0000 0.0000 0.0000  0.0000 3.1416 0.0000 000 000 0 golem_ice_mini_boss_1_dead 0</object>
        <object>rock_4             0  028 003  0.0000 0.0000 0.0000  0.0000 3.1416 0.0000 000 000 0 golem_ice_mini_boss_1_dead 0</object>
        <object>rock_4             0  028 004  0.0000 0.0000 0.0000  0.0000 3.1416 0.0000 000 000 0 golem_ice_mini_boss_1_dead 0</object>
        <object>rock_4             0  028 005  0.0000 0.0000 0.0000  0.0000 3.1416 0.0000 000 000 0 golem_ice_mini_boss_1_dead 0</object>
        <object>rock_4             0  028 006  0.0000 0.0000 0.0000  0.0000 3.1416 0.0000 000 000 0 golem_ice_mini_boss_1_dead 0</object>
        <object>rock_4             0  028 007  0.0000 0.0000 0.0000  0.0000 3.1416 0.0000 000 000 0 golem_ice_mini_boss_1_dead 0</object>
        <object>rock_4             0  028 008  0.0000 0.0000 0.0000  0.0000 3.1416 0.0000 000 000 0 golem_ice_mini_boss_1_dead 0</object>
        <object>rock_4             0  028 009  0.0000 0.0000 0.0000  0.0000 3.1416 0.0000 000 000 0 golem_ice_mini_boss_1_dead 0</object>
        <object>rock_4             0  029 001  0.0000 0.0000 0.0000  0.0000 3.1416 0.0000 000 000 0 golem_ice_mini_boss_1_dead 0</object>
        <object>rock_4             0  029 002  0.0000 0.0000 0.0000  0.0000 3.1416 0.0000 000 000 0 golem_ice_mini_boss_1_dead 0</object>
        <object>rock_4             0  029 003  0.0000 0.0000 0.0000  0.0000 3.1416 0.0000 000 000 0 golem_ice_mini_boss_1_dead 0</object>
        <object>rock_4             0  029 004  0.0000 0.0000 0.0000  0.0000 3.1416 0.0000 000 000 0 golem_ice_mini_boss_1_dead 0</object>
        <object>rock_4             0  029 005  0.0000 0.0000 0.0000  0.0000 3.1416 0.0000 000 000 0 golem_ice_mini_boss_1_dead 0</object>
        <object>rock_4             0  029 006  0.0000 0.0000 0.0000  0.0000 3.1416 0.0000 000 000 0 golem_ice_mini_boss_1_dead 0</object>
        <object>rock_4             0  029 007  0.0000 0.0000 0.0000  0.0000 3.1416 0.0000 000 000 0 golem_ice_mini_boss_1_dead 0</object>
        <object>rock_4             0  029 008  0.0000 0.0000 0.0000  0.0000 3.1416 0.0000 000 000 0 golem_ice_mini_boss_1_dead 0</object>
        <object>rock_4             0  029 009  0.0000 0.0000 0.0000  0.0000 3.1416 0.0000 000 000 0 golem_ice_mini_boss_1_dead 0</object>
        <object>rock_4             0  030 001  0.0000 0.0000 0.0000  0.0000 3.1416 0.0000 000 000 0 golem_ice_mini_boss_1_dead 0</object>
        <object>rock_4             0  030 002  0.0000 0.0000 0.0000  0.0000 3.1416 0.0000 000 000 0 golem_ice_mini_boss_1_dead 0</object>
        <object>rock_4             0  030 003  0.0000 0.0000 0.0000  0.0000 3.1416 0.0000 000 000 0 golem_ice_mini_boss_1_dead 0</object>
        <object>rock_4             0  030 004  0.0000 0.0000 0.0000  0.0000 3.1416 0.0000 000 000 0 golem_ice_mini_boss_1_dead 0</object>
        <object>rock_4             0  030 005  0.0000 0.0000 0.0000  0.0000 3.1416 0.0000 000 000 0 golem_ice_mini_boss_1_dead 0</object>
        <object>rock_4             0  030 006  0.0000 0.0000 0.0000  0.0000 3.1416 0.0000 000 000 0 golem_ice_mini_boss_1_dead 0</object>
        <object>rock_4             0  030 007  0.0000 0.0000 0.0000  0.0000 3.1416 0.0000 000 000 0 golem_ice_mini_boss_1_dead 0</object>
        <object>rock_4             0  030 008  0.0000 0.0000 0.0000  0.0000 3.1416 0.0000 000 000 0 golem_ice_mini_boss_1_dead 0</object>
        <object>rock_4             0  030 009  0.0000 0.0000 0.0000  0.0000 3.1416 0.0000 000 000 0 golem_ice_mini_boss_1_dead 0</object>
        <object>rock_4             0  031 001  0.0000 0.0000 0.0000  0.0000 3.1416 0.0000 000 000 0 golem_ice_mini_boss_1_dead 0</object>
        <object>rock_4             0  031 002  0.0000 0.0000 0.0000  0.0000 3.1416 0.0000 000 000 0 golem_ice_mini_boss_1_dead 0</object>
        <object>rock_4             0  031 003  0.0000 0.0000 0.0000  0.0000 3.1416 0.0000 000 000 0 golem_ice_mini_boss_1_dead 0</object>
        <object>rock_4             0  031 004  0.0000 0.0000 0.0000  0.0000 3.1416 0.0000 000 000 0 golem_ice_mini_boss_1_dead 0</object>
        <object>rock_4             0  031 005  0.0000 0.0000 0.0000  0.0000 3.1416 0.0000 000 000 0 golem_ice_mini_boss_1_dead 0</object>
        <object>rock_4             0  031 006  0.0000 0.0000 0.0000  0.0000 3.1416 0.0000 000 000 0 golem_ice_mini_boss_1_dead 0</object>
        <object>rock_4             0  031 007  0.0000 0.0000 0.0000  0.0000 3.1416 0.0000 000 000 0 golem_ice_mini_boss_1_dead 0</object>
        <object>rock_4             0  031 008  0.0000 0.0000 0.0000  0.0000 3.1416 0.0000 000 000 0 golem_ice_mini_boss_1_dead 0</object>
        <object>rock_4             0  031 009  0.0000 0.0000 0.0000  0.0000 3.1416 0.0000 000 000 0 golem_ice_mini_boss_1_dead 0</object>
        <object>rock_4             0  032 001  0.0000 0.0000 0.0000  0.0000 3.1416 0.0000 000 000 0 golem_ice_mini_boss_1_dead 0</object>
        <object>rock_4             0  032 002  0.0000 0.0000 0.0000  0.0000 3.1416 0.0000 000 000 0 golem_ice_mini_boss_1_dead 0</object>
        <object>rock_4             0  032 003  0.0000 0.0000 0.0000  0.0000 3.1416 0.0000 000 000 0 golem_ice_mini_boss_1_dead 0</object>
        <object>rock_4             0  032 004  0.0000 0.0000 0.0000  0.0000 3.1416 0.0000 000 000 0 golem_ice_mini_boss_1_dead 0</object>
        <object>rock_4             0  032 005  0.0000 0.0000 0.0000  0.0000 3.1416 0.0000 000 000 0 golem_ice_mini_boss_1_dead 0</object>
        <object>rock_4             0  032 006  0.0000 0.0000 0.0000  0.0000 3.1416 0.0000 000 000 0 golem_ice_mini_boss_1_dead 0</object>
        <object>rock_4             0  032 007  0.0000 0.0000 0.0000  0.0000 3.1416 0.0000 000 000 0 golem_ice_mini_boss_1_dead 0</object>
        <object>rock_4             0  032 008  0.0000 0.0000 0.0000  0.0000 3.1416 0.0000 000 000 0 golem_ice_mini_boss_1_dead 0</object>
        <object>rock_4             0  032 009  0.0000 0.0000 0.0000  0.0000 3.1416 0.0000 000 000 0 golem_ice_mini_boss_1_dead 0</object>
        <object>rock_4             0  033 001  0.0000 0.0000 0.0000  0.0000 3.1416 0.0000 000 000 0 golem_ice_mini_boss_1_dead 0</object>
        <object>rock_4             0  033 002  0.0000 0.0000 0.0000  0.0000 3.1416 0.0000 000 000 0 golem_ice_mini_boss_1_dead 0</object>
        <object>rock_4             0  033 003  0.0000 0.0000 0.0000  0.0000 3.1416 0.0000 000 000 0 golem_ice_mini_boss_1_dead 0</object>
        <object>rock_4             0  033 004  0.0000 0.0000 0.0000  0.0000 3.1416 0.0000 000 000 0 golem_ice_mini_boss_1_dead 0</object>
        <object>rock_4             0  033 005  0.0000 0.0000 0.0000  0.0000 3.1416 0.0000 000 000 0 golem_ice_mini_boss_1_dead 0</object>
        <object>rock_4             0  033 006  0.0000 0.0000 0.0000  0.0000 3.1416 0.0000 000 000 0 golem_ice_mini_boss_1_dead 0</object>
        <object>rock_4             0  033 007  0.0000 0.0000 0.0000  0.0000 3.1416 0.0000 000 000 0 golem_ice_mini_boss_1_dead 0</object>
        <object>rock_4             0  033 008  0.0000 0.0000 0.0000  0.0000 3.1416 0.0000 000 000 0 golem_ice_mini_boss_1_dead 0</object>
        <object>rock_4             0  033 009  0.0000 0.0000 0.0000  0.0000 3.1416 0.0000 000 000 0 golem_ice_mini_boss_1_dead 0</object>
        <object>rock_4             0  034 001  0.0000 0.0000 0.0000  0.0000 3.1416 0.0000 000 000 0 golem_ice_mini_boss_1_dead 0</object>
        <object>rock_4             0  034 002  0.0000 0.0000 0.0000  0.0000 3.1416 0.0000 000 000 0 golem_ice_mini_boss_1_dead 0</object>
        <object>rock_4             0  034 003  0.0000 0.0000 0.0000  0.0000 3.1416 0.0000 000 000 0 golem_ice_mini_boss_1_dead 0</object>
        <object>rock_4             0  034 004  0.0000 0.0000 0.0000  0.0000 3.1416 0.0000 000 000 0 golem_ice_mini_boss_1_dead 0</object>
        <object>rock_4             0  034 005  0.0000 0.0000 0.0000  0.0000 3.1416 0.0000 000 000 0 golem_ice_mini_boss_1_dead 0</object>
        <object>rock_4             0  034 006  0.0000 0.0000 0.0000  0.0000 3.1416 0.0000 000 000 0 golem_ice_mini_boss_1_dead 0</object>
        <object>rock_4             0  034 007  0.0000 0.0000 0.0000  0.0000 3.1416 0.0000 000 000 0 golem_ice_mini_boss_1_dead 0</object>
        <object>rock_4             0  034 008  0.0000 0.0000 0.0000  0.0000 3.1416 0.0000 000 000 0 golem_ice_mini_boss_1_dead 0</object>
        <object>rock_4             0  034 009  0.0000 0.0000 0.0000  0.0000 3.1416 0.0000 000 000 0 golem_ice_mini_boss_1_dead 0</object>
        <object>rock_4             0  035 001  0.0000 0.0000 0.0000  0.0000 3.1416 0.0000 000 000 0 golem_ice_mini_boss_1_dead 0</object>
        <object>rock_4             0  035 002  0.0000 0.0000 0.0000  0.0000 3.1416 0.0000 000 000 0 golem_ice_mini_boss_1_dead 0</object>
        <object>rock_4             0  035 003  0.0000 0.0000 0.0000  0.0000 3.1416 0.0000 000 000 0 golem_ice_mini_boss_1_dead 0</object>
        <object>rock_4             0  035 004  0.0000 0.0000 0.0000  0.0000 3.1416 0.0000 000 000 0 golem_ice_mini_boss_1_dead 0</object>
        <object>rock_4             0  035 005  0.0000 0.0000 0.0000  0.0000 3.1416 0.0000 000 000 0 golem_ice_mini_boss_1_dead 0</object>
        <object>rock_4             0  035 006  0.0000 0.0000 0.0000  0.0000 3.1416 0.0000 000 000 0 golem_ice_mini_boss_1_dead 0</object>
        <object>rock_4             0  035 007  0.0000 0.0000 0.0000  0.0000 3.1416 0.0000 000 000 0 golem_ice_mini_boss_1_dead 0</object>
        <object>rock_4             0  035 008  0.0000 0.0000 0.0000  0.0000 3.1416 0.0000 000 000 0 golem_ice_mini_boss_1_dead 0</object>
        <object>rock_4             0  035 009  0.0000 0.0000 0.0000  0.0000 3.1416 0.0000 000 000 0 golem_ice_mini_boss_1_dead 0</object>
        <object>rock_4             0  036 001  0.0000 0.0000 0.0000  0.0000 3.1416 0.0000 000 000 0 golem_ice_mini_boss_1_dead 0</object>
        <object>rock_4             0  036 002  0.0000 0.0000 0.0000  0.0000 3.1416 0.0000 000 000 0 golem_ice_mini_boss_1_dead 0</object>
        <object>rock_4             0  036 003  0.0000 0.0000 0.0000  0.0000 3.1416 0.0000 000 000 0 golem_ice_mini_boss_1_dead 0</object>
        <object>rock_4             0  036 004  0.0000 0.0000 0.0000  0.0000 3.1416 0.0000 000 000 0 golem_ice_mini_boss_1_dead 0</object>
        <object>rock_4             0  036 005  0.0000 0.0000 0.0000  0.0000 3.1416 0.0000 000 000 0 golem_ice_mini_boss_1_dead 0</object>
        <object>rock_4             0  036 006  0.0000 0.0000 0.0000  0.0000 3.1416 0.0000 000 000 0 golem_ice_mini_boss_1_dead 0</object>
        <object>rock_4             0  036 007  0.0000 0.0000 0.0000  0.0000 3.1416 0.0000 000 000 0 golem_ice_mini_boss_1_dead 0</object>
        <object>rock_4             0  036 008  0.0000 0.0000 0.0000  0.0000 3.1416 0.0000 000 000 0 golem_ice_mini_boss_1_dead 0</object>
        <object>rock_4             0  036 009  0.0000 0.0000 0.0000  0.0000 3.1416 0.0000 000 000 0 golem_ice_mini_boss_1_dead 0</object>
        <object>rock_4             0  037 001  0.0000 0.0000 0.0000  0.0000 3.1416 0.0000 000 000 0 golem_ice_mini_boss_1_dead 0</object>
        <object>rock_4             0  037 002  0.0000 0.0000 0.0000  0.0000 3.1416 0.0000 000 000 0 golem_ice_mini_boss_1_dead 0</object>
        <object>rock_4             0  037 003  0.0000 0.0000 0.0000  0.0000 3.1416 0.0000 000 000 0 golem_ice_mini_boss_1_dead 0</object>
        <object>rock_4             0  037 004  0.0000 0.0000 0.0000  0.0000 3.1416 0.0000 000 000 0 golem_ice_mini_boss_1_dead 0</object>
        <object>rock_4             0  037 005  0.0000 0.0000 0.0000  0.0000 3.1416 0.0000 000 000 0 golem_ice_mini_boss_1_dead 0</object>
        <object>rock_4             0  037 006  0.0000 0.0000 0.0000  0.0000 3.1416 0.0000 000 000 0 golem_ice_mini_boss_1_dead 0</object>
        <object>rock_4             0  037 007  0.0000 0.0000 0.0000  0.0000 3.1416 0.0000 000 000 0 golem_ice_mini_boss_1_dead 0</object>
        <object>rock_4             0  037 008  0.0000 0.0000 0.0000  0.0000 3.1416 0.0000 000 000 0 golem_ice_mini_boss_1_dead 0</object>
        <object>rock_4             0  037 009  0.0000 0.0000 0.0000  0.0000 3.1416 0.0000 000 000 0 golem_ice_mini_boss_1_dead 0</object>
        <object>rock_4             0  038 001  0.0000 0.0000 0.0000  0.0000 3.1416 0.0000 000 000 0 golem_ice_mini_boss_1_dead 0</object>
        <object>rock_4             0  038 002  0.0000 0.0000 0.0000  0.0000 3.1416 0.0000 000 000 0 golem_ice_mini_boss_1_dead 0</object>
        <object>rock_4             0  038 003  0.0000 0.0000 0.0000  0.0000 3.1416 0.0000 000 000 0 golem_ice_mini_boss_1_dead 0</object>
        <object>rock_4             0  038 004  0.0000 0.0000 0.0000  0.0000 3.1416 0.0000 000 000 0 golem_ice_mini_boss_1_dead 0</object>
        <object>rock_4             0  038 005  0.0000 0.0000 0.0000  0.0000 3.1416 0.0000 000 000 0 golem_ice_mini_boss_1_dead 0</object>
        <object>rock_4             0  038 006  0.0000 0.0000 0.0000  0.0000 3.1416 0.0000 000 000 0 golem_ice_mini_boss_1_dead 0</object>
        <object>rock_4             0  038 007  0.0000 0.0000 0.0000  0.0000 3.1416 0.0000 000 000 0 golem_ice_mini_boss_1_dead 0</object>
        <object>rock_4             0  038 008  0.0000 0.0000 0.0000  0.0000 3.1416 0.0000 000 000 0 golem_ice_mini_boss_1_dead 0</object>
        <object>rock_4             0  038 009  0.0000 0.0000 0.0000  0.0000 3.1416 0.0000 000 000 0 golem_ice_mini_boss_1_dead 0</object>
        <object>rock_4             0  039 001  0.0000 0.0000 0.0000  0.0000 3.1416 0.0000 000 000 0 golem_ice_mini_boss_1_dead 0</object>
        <object>rock_4             0  039 002  0.0000 0.0000 0.0000  0.0000 3.1416 0.0000 000 000 0 golem_ice_mini_boss_1_dead 0</object>
        <object>rock_4             0  039 003  0.0000 0.0000 0.0000  0.0000 3.1416 0.0000 000 000 0 golem_ice_mini_boss_1_dead 0</object>
        <object>rock_4             0  039 004  0.0000 0.0000 0.0000  0.0000 3.1416 0.0000 000 000 0 golem_ice_mini_boss_1_dead 0</object>
        <object>rock_4             0  039 005  0.0000 0.0000 0.0000  0.0000 3.1416 0.0000 000 000 0 golem_ice_mini_boss_1_dead 0</object>
        <object>rock_4             0  039 006  0.0000 0.0000 0.0000  0.0000 3.1416 0.0000 000 000 0 golem_ice_mini_boss_1_dead 0</object>
        <object>rock_4             0  039 007  0.0000 0.0000 0.0000  0.0000 3.1416 0.0000 000 000 0 golem_ice_mini_boss_1_dead 0</object>
        <object>rock_4             0  039 008  0.0000 0.0000 0.0000  0.0000 3.1416 0.0000 000 000 0 golem_ice_mini_boss_1_dead 0</object>
        <object>rock_4             0  039 009  0.0000 0.0000 0.0000  0.0000 3.1416 0.0000 000 000 0 golem_ice_mini_boss_1_dead 0</object>
        <object>rock_4             0  040 001  0.0000 0.0000 0.0000  0.0000 3.1416 0.0000 000 000 0 golem_ice_mini_boss_1_dead 0</object>
        <object>rock_4             0  040 002  0.0000 0.0000 0.0000  0.0000 3.1416 0.0000 000 000 0 golem_ice_mini_boss_1_dead 0</object>
        <object>rock_4             0  040 003  0.0000 0.0000 0.0000  0.0000 3.1416 0.0000 000 000 0 golem_ice_mini_boss_1_dead 0</object>
        <object>rock_4             0  040 004  0.0000 0.0000 0.0000  0.0000 3.1416 0.0000 000 000 0 golem_ice_mini_boss_1_dead 0</object>
        <object>rock_4             0  040 005  0.0000 0.0000 0.0000  0.0000 3.1416 0.0000 000 000 0 golem_ice_mini_boss_1_dead 0</object>
        <object>rock_4             0  040 006  0.0000 0.0000 0.0000  0.0000 3.1416 0.0000 000 000 0 golem_ice_mini_boss_1_dead 0</object>
        <object>rock_4             0  040 007  0.0000 0.0000 0.0000  0.0000 3.1416 0.0000 000 000 0 golem_ice_mini_boss_1_dead 0</object>
        <object>rock_4             0  040 008  0.0000 0.0000 0.0000  0.0000 3.1416 0.0000 000 000 0 golem_ice_mini_boss_1_dead 0</object>
        <object>rock_4             0  040 009  0.0000 0.0000 0.0000  0.0000 3.1416 0.0000 000 000 0 golem_ice_mini_boss_1_dead 0</object>

        # Rock blockade ice golem mini boss 2
        <object>rock_4             0  025 001  0.0000 0.0000 0.0000  0.0000 3.1416 0.0000 000 000 0 golem_ice_mini_boss_2_dead 0</object>
        <object>rock_4             0  025 002  0.0000 0.0000 0.0000  0.0000 3.1416 0.0000 000 000 0 golem_ice_mini_boss_2_dead 0</object>
        <object>rock_4             0  025 003  0.0000 0.0000 0.0000  0.0000 3.1416 0.0000 000 000 0 golem_ice_mini_boss_2_dead 0</object>
        <object>rock_4             0  025 004  0.0000 0.0000 0.0000  0.0000 3.1416 0.0000 000 000 0 golem_ice_mini_boss_2_dead 0</object>
        <object>rock_4             0  025 005  0.0000 0.0000 0.0000  0.0000 3.1416 0.0000 000 000 0 golem_ice_mini_boss_2_dead 0</object>
        <object>rock_4             0  025 006  0.0000 0.0000 0.0000  0.0000 3.1416 0.0000 000 000 0 golem_ice_mini_boss_2_dead 0</object>
        <object>rock_4             0  025 007  0.0000 0.0000 0.0000  0.0000 3.1416 0.0000 000 000 0 golem_ice_mini_boss_2_dead 0</object>
        <object>rock_4             0  025 008  0.0000 0.0000 0.0000  0.0000 3.1416 0.0000 000 000 0 golem_ice_mini_boss_2_dead 0</object>
        <object>rock_4             0  025 009  0.0000 0.0000 0.0000  0.0000 3.1416 0.0000 000 000 0 golem_ice_mini_boss_2_dead 0</object>
        <object>rock_4             0  026 001  0.0000 0.0000 0.0000  0.0000 3.1416 0.0000 000 000 0 golem_ice_mini_boss_2_dead 0</object>
        <object>rock_4             0  026 002  0.0000 0.0000 0.0000  0.0000 3.1416 0.0000 000 000 0 golem_ice_mini_boss_2_dead 0</object>
        <object>rock_4             0  026 003  0.0000 0.0000 0.0000  0.0000 3.1416 0.0000 000 000 0 golem_ice_mini_boss_2_dead 0</object>
        <object>rock_4             0  026 004  0.0000 0.0000 0.0000  0.0000 3.1416 0.0000 000 000 0 golem_ice_mini_boss_2_dead 0</object>
        <object>rock_4             0  026 005  0.0000 0.0000 0.0000  0.0000 3.1416 0.0000 000 000 0 golem_ice_mini_boss_2_dead 0</object>
        <object>rock_4             0  026 006  0.0000 0.0000 0.0000  0.0000 3.1416 0.0000 000 000 0 golem_ice_mini_boss_2_dead 0</object>
        <object>rock_4             0  026 007  0.0000 0.0000 0.0000  0.0000 3.1416 0.0000 000 000 0 golem_ice_mini_boss_2_dead 0</object>
        <object>rock_4             0  026 008  0.0000 0.0000 0.0000  0.0000 3.1416 0.0000 000 000 0 golem_ice_mini_boss_2_dead 0</object>
        <object>rock_4             0  026 009  0.0000 0.0000 0.0000  0.0000 3.1416 0.0000 000 000 0 golem_ice_mini_boss_2_dead 0</object>
        <object>rock_4             0  027 001  0.0000 0.0000 0.0000  0.0000 3.1416 0.0000 000 000 0 golem_ice_mini_boss_2_dead 0</object>
        <object>rock_4             0  027 002  0.0000 0.0000 0.0000  0.0000 3.1416 0.0000 000 000 0 golem_ice_mini_boss_2_dead 0</object>
        <object>rock_4             0  027 003  0.0000 0.0000 0.0000  0.0000 3.1416 0.0000 000 000 0 golem_ice_mini_boss_2_dead 0</object>
        <object>rock_4             0  027 004  0.0000 0.0000 0.0000  0.0000 3.1416 0.0000 000 000 0 golem_ice_mini_boss_2_dead 0</object>
        <object>rock_4             0  027 005  0.0000 0.0000 0.0000  0.0000 3.1416 0.0000 000 000 0 golem_ice_mini_boss_2_dead 0</object>
        <object>rock_4             0  027 006  0.0000 0.0000 0.0000  0.0000 3.1416 0.0000 000 000 0 golem_ice_mini_boss_2_dead 0</object>
        <object>rock_4             0  027 007  0.0000 0.0000 0.0000  0.0000 3.1416 0.0000 000 000 0 golem_ice_mini_boss_2_dead 0</object>
        <object>rock_4             0  027 008  0.0000 0.0000 0.0000  0.0000 3.1416 0.0000 000 000 0 golem_ice_mini_boss_2_dead 0</object>
        <object>rock_4             0  027 009  0.0000 0.0000 0.0000  0.0000 3.1416 0.0000 000 000 0 golem_ice_mini_boss_2_dead 0</object>
        <object>rock_4             0  028 001  0.0000 0.0000 0.0000  0.0000 3.1416 0.0000 000 000 0 golem_ice_mini_boss_2_dead 0</object>
        <object>rock_4             0  028 002  0.0000 0.0000 0.0000  0.0000 3.1416 0.0000 000 000 0 golem_ice_mini_boss_2_dead 0</object>
        <object>rock_4             0  028 003  0.0000 0.0000 0.0000  0.0000 3.1416 0.0000 000 000 0 golem_ice_mini_boss_2_dead 0</object>
        <object>rock_4             0  028 004  0.0000 0.0000 0.0000  0.0000 3.1416 0.0000 000 000 0 golem_ice_mini_boss_2_dead 0</object>
        <object>rock_4             0  028 005  0.0000 0.0000 0.0000  0.0000 3.1416 0.0000 000 000 0 golem_ice_mini_boss_2_dead 0</object>
        <object>rock_4             0  028 006  0.0000 0.0000 0.0000  0.0000 3.1416 0.0000 000 000 0 golem_ice_mini_boss_2_dead 0</object>
        <object>rock_4             0  028 007  0.0000 0.0000 0.0000  0.0000 3.1416 0.0000 000 000 0 golem_ice_mini_boss_2_dead 0</object>
        <object>rock_4             0  028 008  0.0000 0.0000 0.0000  0.0000 3.1416 0.0000 000 000 0 golem_ice_mini_boss_2_dead 0</object>
        <object>rock_4             0  028 009  0.0000 0.0000 0.0000  0.0000 3.1416 0.0000 000 000 0 golem_ice_mini_boss_2_dead 0</object>
        <object>rock_4             0  029 001  0.0000 0.0000 0.0000  0.0000 3.1416 0.0000 000 000 0 golem_ice_mini_boss_2_dead 0</object>
        <object>rock_4             0  029 002  0.0000 0.0000 0.0000  0.0000 3.1416 0.0000 000 000 0 golem_ice_mini_boss_2_dead 0</object>
        <object>rock_4             0  029 003  0.0000 0.0000 0.0000  0.0000 3.1416 0.0000 000 000 0 golem_ice_mini_boss_2_dead 0</object>
        <object>rock_4             0  029 004  0.0000 0.0000 0.0000  0.0000 3.1416 0.0000 000 000 0 golem_ice_mini_boss_2_dead 0</object>
        <object>rock_4             0  029 005  0.0000 0.0000 0.0000  0.0000 3.1416 0.0000 000 000 0 golem_ice_mini_boss_2_dead 0</object>
        <object>rock_4             0  029 006  0.0000 0.0000 0.0000  0.0000 3.1416 0.0000 000 000 0 golem_ice_mini_boss_2_dead 0</object>
        <object>rock_4             0  029 007  0.0000 0.0000 0.0000  0.0000 3.1416 0.0000 000 000 0 golem_ice_mini_boss_2_dead 0</object>
        <object>rock_4             0  029 008  0.0000 0.0000 0.0000  0.0000 3.1416 0.0000 000 000 0 golem_ice_mini_boss_2_dead 0</object>
        <object>rock_4             0  029 009  0.0000 0.0000 0.0000  0.0000 3.1416 0.0000 000 000 0 golem_ice_mini_boss_2_dead 0</object>
        <object>rock_4             0  030 001  0.0000 0.0000 0.0000  0.0000 3.1416 0.0000 000 000 0 golem_ice_mini_boss_2_dead 0</object>
        <object>rock_4             0  030 002  0.0000 0.0000 0.0000  0.0000 3.1416 0.0000 000 000 0 golem_ice_mini_boss_2_dead 0</object>
        <object>rock_4             0  030 003  0.0000 0.0000 0.0000  0.0000 3.1416 0.0000 000 000 0 golem_ice_mini_boss_2_dead 0</object>
        <object>rock_4             0  030 004  0.0000 0.0000 0.0000  0.0000 3.1416 0.0000 000 000 0 golem_ice_mini_boss_2_dead 0</object>
        <object>rock_4             0  030 005  0.0000 0.0000 0.0000  0.0000 3.1416 0.0000 000 000 0 golem_ice_mini_boss_2_dead 0</object>
        <object>rock_4             0  030 006  0.0000 0.0000 0.0000  0.0000 3.1416 0.0000 000 000 0 golem_ice_mini_boss_2_dead 0</object>
        <object>rock_4             0  030 007  0.0000 0.0000 0.0000  0.0000 3.1416 0.0000 000 000 0 golem_ice_mini_boss_2_dead 0</object>
        <object>rock_4             0  030 008  0.0000 0.0000 0.0000  0.0000 3.1416 0.0000 000 000 0 golem_ice_mini_boss_2_dead 0</object>
        <object>rock_4             0  030 009  0.0000 0.0000 0.0000  0.0000 3.1416 0.0000 000 000 0 golem_ice_mini_boss_2_dead 0</object>
        <object>rock_4             0  031 001  0.0000 0.0000 0.0000  0.0000 3.1416 0.0000 000 000 0 golem_ice_mini_boss_2_dead 0</object>
        <object>rock_4             0  031 002  0.0000 0.0000 0.0000  0.0000 3.1416 0.0000 000 000 0 golem_ice_mini_boss_2_dead 0</object>
        <object>rock_4             0  031 003  0.0000 0.0000 0.0000  0.0000 3.1416 0.0000 000 000 0 golem_ice_mini_boss_2_dead 0</object>
        <object>rock_4             0  031 004  0.0000 0.0000 0.0000  0.0000 3.1416 0.0000 000 000 0 golem_ice_mini_boss_2_dead 0</object>
        <object>rock_4             0  031 005  0.0000 0.0000 0.0000  0.0000 3.1416 0.0000 000 000 0 golem_ice_mini_boss_2_dead 0</object>
        <object>rock_4             0  031 006  0.0000 0.0000 0.0000  0.0000 3.1416 0.0000 000 000 0 golem_ice_mini_boss_2_dead 0</object>
        <object>rock_4             0  031 007  0.0000 0.0000 0.0000  0.0000 3.1416 0.0000 000 000 0 golem_ice_mini_boss_2_dead 0</object>
        <object>rock_4             0  031 008  0.0000 0.0000 0.0000  0.0000 3.1416 0.0000 000 000 0 golem_ice_mini_boss_2_dead 0</object>
        <object>rock_4             0  031 009  0.0000 0.0000 0.0000  0.0000 3.1416 0.0000 000 000 0 golem_ice_mini_boss_2_dead 0</object>
        <object>rock_4             0  032 001  0.0000 0.0000 0.0000  0.0000 3.1416 0.0000 000 000 0 golem_ice_mini_boss_2_dead 0</object>
        <object>rock_4             0  032 002  0.0000 0.0000 0.0000  0.0000 3.1416 0.0000 000 000 0 golem_ice_mini_boss_2_dead 0</object>
        <object>rock_4             0  032 003  0.0000 0.0000 0.0000  0.0000 3.1416 0.0000 000 000 0 golem_ice_mini_boss_2_dead 0</object>
        <object>rock_4             0  032 004  0.0000 0.0000 0.0000  0.0000 3.1416 0.0000 000 000 0 golem_ice_mini_boss_2_dead 0</object>
        <object>rock_4             0  032 005  0.0000 0.0000 0.0000  0.0000 3.1416 0.0000 000 000 0 golem_ice_mini_boss_2_dead 0</object>
        <object>rock_4             0  032 006  0.0000 0.0000 0.0000  0.0000 3.1416 0.0000 000 000 0 golem_ice_mini_boss_2_dead 0</object>
        <object>rock_4             0  032 007  0.0000 0.0000 0.0000  0.0000 3.1416 0.0000 000 000 0 golem_ice_mini_boss_2_dead 0</object>
        <object>rock_4             0  032 008  0.0000 0.0000 0.0000  0.0000 3.1416 0.0000 000 000 0 golem_ice_mini_boss_2_dead 0</object>
        <object>rock_4             0  032 009  0.0000 0.0000 0.0000  0.0000 3.1416 0.0000 000 000 0 golem_ice_mini_boss_2_dead 0</object>
        <object>rock_4             0  033 001  0.0000 0.0000 0.0000  0.0000 3.1416 0.0000 000 000 0 golem_ice_mini_boss_2_dead 0</object>
        <object>rock_4             0  033 002  0.0000 0.0000 0.0000  0.0000 3.1416 0.0000 000 000 0 golem_ice_mini_boss_2_dead 0</object>
        <object>rock_4             0  033 003  0.0000 0.0000 0.0000  0.0000 3.1416 0.0000 000 000 0 golem_ice_mini_boss_2_dead 0</object>
        <object>rock_4             0  033 004  0.0000 0.0000 0.0000  0.0000 3.1416 0.0000 000 000 0 golem_ice_mini_boss_2_dead 0</object>
        <object>rock_4             0  033 005  0.0000 0.0000 0.0000  0.0000 3.1416 0.0000 000 000 0 golem_ice_mini_boss_2_dead 0</object>
        <object>rock_4             0  033 006  0.0000 0.0000 0.0000  0.0000 3.1416 0.0000 000 000 0 golem_ice_mini_boss_2_dead 0</object>
        <object>rock_4             0  033 007  0.0000 0.0000 0.0000  0.0000 3.1416 0.0000 000 000 0 golem_ice_mini_boss_2_dead 0</object>
        <object>rock_4             0  033 008  0.0000 0.0000 0.0000  0.0000 3.1416 0.0000 000 000 0 golem_ice_mini_boss_2_dead 0</object>
        <object>rock_4             0  033 009  0.0000 0.0000 0.0000  0.0000 3.1416 0.0000 000 000 0 golem_ice_mini_boss_2_dead 0</object>
        <object>rock_4             0  034 001  0.0000 0.0000 0.0000  0.0000 3.1416 0.0000 000 000 0 golem_ice_mini_boss_2_dead 0</object>
        <object>rock_4             0  034 002  0.0000 0.0000 0.0000  0.0000 3.1416 0.0000 000 000 0 golem_ice_mini_boss_2_dead 0</object>
        <object>rock_4             0  034 003  0.0000 0.0000 0.0000  0.0000 3.1416 0.0000 000 000 0 golem_ice_mini_boss_2_dead 0</object>
        <object>rock_4             0  034 004  0.0000 0.0000 0.0000  0.0000 3.1416 0.0000 000 000 0 golem_ice_mini_boss_2_dead 0</object>
        <object>rock_4             0  034 005  0.0000 0.0000 0.0000  0.0000 3.1416 0.0000 000 000 0 golem_ice_mini_boss_2_dead 0</object>
        <object>rock_4             0  034 006  0.0000 0.0000 0.0000  0.0000 3.1416 0.0000 000 000 0 golem_ice_mini_boss_2_dead 0</object>
        <object>rock_4             0  034 007  0.0000 0.0000 0.0000  0.0000 3.1416 0.0000 000 000 0 golem_ice_mini_boss_2_dead 0</object>
        <object>rock_4             0  034 008  0.0000 0.0000 0.0000  0.0000 3.1416 0.0000 000 000 0 golem_ice_mini_boss_2_dead 0</object>
        <object>rock_4             0  034 009  0.0000 0.0000 0.0000  0.0000 3.1416 0.0000 000 000 0 golem_ice_mini_boss_2_dead 0</object>
        <object>rock_4             0  035 001  0.0000 0.0000 0.0000  0.0000 3.1416 0.0000 000 000 0 golem_ice_mini_boss_2_dead 0</object>
        <object>rock_4             0  035 002  0.0000 0.0000 0.0000  0.0000 3.1416 0.0000 000 000 0 golem_ice_mini_boss_2_dead 0</object>
        <object>rock_4             0  035 003  0.0000 0.0000 0.0000  0.0000 3.1416 0.0000 000 000 0 golem_ice_mini_boss_2_dead 0</object>
        <object>rock_4             0  035 004  0.0000 0.0000 0.0000  0.0000 3.1416 0.0000 000 000 0 golem_ice_mini_boss_2_dead 0</object>
        <object>rock_4             0  035 005  0.0000 0.0000 0.0000  0.0000 3.1416 0.0000 000 000 0 golem_ice_mini_boss_2_dead 0</object>
        <object>rock_4             0  035 006  0.0000 0.0000 0.0000  0.0000 3.1416 0.0000 000 000 0 golem_ice_mini_boss_2_dead 0</object>
        <object>rock_4             0  035 007  0.0000 0.0000 0.0000  0.0000 3.1416 0.0000 000 000 0 golem_ice_mini_boss_2_dead 0</object>
        <object>rock_4             0  035 008  0.0000 0.0000 0.0000  0.0000 3.1416 0.0000 000 000 0 golem_ice_mini_boss_2_dead 0</object>
        <object>rock_4             0  035 009  0.0000 0.0000 0.0000  0.0000 3.1416 0.0000 000 000 0 golem_ice_mini_boss_2_dead 0</object>
        <object>rock_4             0  036 001  0.0000 0.0000 0.0000  0.0000 3.1416 0.0000 000 000 0 golem_ice_mini_boss_2_dead 0</object>
        <object>rock_4             0  036 002  0.0000 0.0000 0.0000  0.0000 3.1416 0.0000 000 000 0 golem_ice_mini_boss_2_dead 0</object>
        <object>rock_4             0  036 003  0.0000 0.0000 0.0000  0.0000 3.1416 0.0000 000 000 0 golem_ice_mini_boss_2_dead 0</object>
        <object>rock_4             0  036 004  0.0000 0.0000 0.0000  0.0000 3.1416 0.0000 000 000 0 golem_ice_mini_boss_2_dead 0</object>
        <object>rock_4             0  036 005  0.0000 0.0000 0.0000  0.0000 3.1416 0.0000 000 000 0 golem_ice_mini_boss_2_dead 0</object>
        <object>rock_4             0  036 006  0.0000 0.0000 0.0000  0.0000 3.1416 0.0000 000 000 0 golem_ice_mini_boss_2_dead 0</object>
        <object>rock_4             0  036 007  0.0000 0.0000 0.0000  0.0000 3.1416 0.0000 000 000 0 golem_ice_mini_boss_2_dead 0</object>
        <object>rock_4             0  036 008  0.0000 0.0000 0.0000  0.0000 3.1416 0.0000 000 000 0 golem_ice_mini_boss_2_dead 0</object>
        <object>rock_4             0  036 009  0.0000 0.0000 0.0000  0.0000 3.1416 0.0000 000 000 0 golem_ice_mini_boss_2_dead 0</object>
        <object>rock_4             0  037 001  0.0000 0.0000 0.0000  0.0000 3.1416 0.0000 000 000 0 golem_ice_mini_boss_2_dead 0</object>
        <object>rock_4             0  037 002  0.0000 0.0000 0.0000  0.0000 3.1416 0.0000 000 000 0 golem_ice_mini_boss_2_dead 0</object>
        <object>rock_4             0  037 003  0.0000 0.0000 0.0000  0.0000 3.1416 0.0000 000 000 0 golem_ice_mini_boss_2_dead 0</object>
        <object>rock_4             0  037 004  0.0000 0.0000 0.0000  0.0000 3.1416 0.0000 000 000 0 golem_ice_mini_boss_2_dead 0</object>
        <object>rock_4             0  037 005  0.0000 0.0000 0.0000  0.0000 3.1416 0.0000 000 000 0 golem_ice_mini_boss_2_dead 0</object>
        <object>rock_4             0  037 006  0.0000 0.0000 0.0000  0.0000 3.1416 0.0000 000 000 0 golem_ice_mini_boss_2_dead 0</object>
        <object>rock_4             0  037 007  0.0000 0.0000 0.0000  0.0000 3.1416 0.0000 000 000 0 golem_ice_mini_boss_2_dead 0</object>
        <object>rock_4             0  037 008  0.0000 0.0000 0.0000  0.0000 3.1416 0.0000 000 000 0 golem_ice_mini_boss_2_dead 0</object>
        <object>rock_4             0  037 009  0.0000 0.0000 0.0000  0.0000 3.1416 0.0000 000 000 0 golem_ice_mini_boss_2_dead 0</object>
        <object>rock_4             0  038 001  0.0000 0.0000 0.0000  0.0000 3.1416 0.0000 000 000 0 golem_ice_mini_boss_2_dead 0</object>
        <object>rock_4             0  038 002  0.0000 0.0000 0.0000  0.0000 3.1416 0.0000 000 000 0 golem_ice_mini_boss_2_dead 0</object>
        <object>rock_4             0  038 003  0.0000 0.0000 0.0000  0.0000 3.1416 0.0000 000 000 0 golem_ice_mini_boss_2_dead 0</object>
        <object>rock_4             0  038 004  0.0000 0.0000 0.0000  0.0000 3.1416 0.0000 000 000 0 golem_ice_mini_boss_2_dead 0</object>
        <object>rock_4             0  038 005  0.0000 0.0000 0.0000  0.0000 3.1416 0.0000 000 000 0 golem_ice_mini_boss_2_dead 0</object>
        <object>rock_4             0  038 006  0.0000 0.0000 0.0000  0.0000 3.1416 0.0000 000 000 0 golem_ice_mini_boss_2_dead 0</object>
        <object>rock_4             0  038 007  0.0000 0.0000 0.0000  0.0000 3.1416 0.0000 000 000 0 golem_ice_mini_boss_2_dead 0</object>
        <object>rock_4             0  038 008  0.0000 0.0000 0.0000  0.0000 3.1416 0.0000 000 000 0 golem_ice_mini_boss_2_dead 0</object>
        <object>rock_4             0  038 009  0.0000 0.0000 0.0000  0.0000 3.1416 0.0000 000 000 0 golem_ice_mini_boss_2_dead 0</object>
        <object>rock_4             0  039 001  0.0000 0.0000 0.0000  0.0000 3.1416 0.0000 000 000 0 golem_ice_mini_boss_2_dead 0</object>
        <object>rock_4             0  039 002  0.0000 0.0000 0.0000  0.0000 3.1416 0.0000 000 000 0 golem_ice_mini_boss_2_dead 0</object>
        <object>rock_4             0  039 003  0.0000 0.0000 0.0000  0.0000 3.1416 0.0000 000 000 0 golem_ice_mini_boss_2_dead 0</object>
        <object>rock_4             0  039 004  0.0000 0.0000 0.0000  0.0000 3.1416 0.0000 000 000 0 golem_ice_mini_boss_2_dead 0</object>
        <object>rock_4             0  039 005  0.0000 0.0000 0.0000  0.0000 3.1416 0.0000 000 000 0 golem_ice_mini_boss_2_dead 0</object>
        <object>rock_4             0  039 006  0.0000 0.0000 0.0000  0.0000 3.1416 0.0000 000 000 0 golem_ice_mini_boss_2_dead 0</object>
        <object>rock_4             0  039 007  0.0000 0.0000 0.0000  0.0000 3.1416 0.0000 000 000 0 golem_ice_mini_boss_2_dead 0</object>
        <object>rock_4             0  039 008  0.0000 0.0000 0.0000  0.0000 3.1416 0.0000 000 000 0 golem_ice_mini_boss_2_dead 0</object>
        <object>rock_4             0  039 009  0.0000 0.0000 0.0000  0.0000 3.1416 0.0000 000 000 0 golem_ice_mini_boss_2_dead 0</object>
        <object>rock_4             0  040 001  0.0000 0.0000 0.0000  0.0000 3.1416 0.0000 000 000 0 golem_ice_mini_boss_2_dead 0</object>
        <object>rock_4             0  040 002  0.0000 0.0000 0.0000  0.0000 3.1416 0.0000 000 000 0 golem_ice_mini_boss_2_dead 0</object>
        <object>rock_4             0  040 003  0.0000 0.0000 0.0000  0.0000 3.1416 0.0000 000 000 0 golem_ice_mini_boss_2_dead 0</object>
        <object>rock_4             0  040 004  0.0000 0.0000 0.0000  0.0000 3.1416 0.0000 000 000 0 golem_ice_mini_boss_2_dead 0</object>
        <object>rock_4             0  040 005  0.0000 0.0000 0.0000  0.0000 3.1416 0.0000 000 000 0 golem_ice_mini_boss_2_dead 0</object>
        <object>rock_4             0  040 006  0.0000 0.0000 0.0000  0.0000 3.1416 0.0000 000 000 0 golem_ice_mini_boss_2_dead 0</object>
        <object>rock_4             0  040 007  0.0000 0.0000 0.0000  0.0000 3.1416 0.0000 000 000 0 golem_ice_mini_boss_2_dead 0</object>
        <object>rock_4             0  040 008  0.0000 0.0000 0.0000  0.0000 3.1416 0.0000 000 000 0 golem_ice_mini_boss_2_dead 0</object>
        <object>rock_4             0  040 009  0.0000 0.0000 0.0000  0.0000 3.1416 0.0000 000 000 0 golem_ice_mini_boss_2_dead 0</object>

        # Rock blockade ice golem mini boss 3
        <object>rock_4             0  025 001  0.0000 0.0000 0.0000  0.0000 3.1416 0.0000 000 000 0 golem_ice_mini_boss_3_dead 0</object>
        <object>rock_4             0  025 002  0.0000 0.0000 0.0000  0.0000 3.1416 0.0000 000 000 0 golem_ice_mini_boss_3_dead 0</object>
        <object>rock_4             0  025 003  0.0000 0.0000 0.0000  0.0000 3.1416 0.0000 000 000 0 golem_ice_mini_boss_3_dead 0</object>
        <object>rock_4             0  025 004  0.0000 0.0000 0.0000  0.0000 3.1416 0.0000 000 000 0 golem_ice_mini_boss_3_dead 0</object>
        <object>rock_4             0  025 005  0.0000 0.0000 0.0000  0.0000 3.1416 0.0000 000 000 0 golem_ice_mini_boss_3_dead 0</object>
        <object>rock_4             0  025 006  0.0000 0.0000 0.0000  0.0000 3.1416 0.0000 000 000 0 golem_ice_mini_boss_3_dead 0</object>
        <object>rock_4             0  025 007  0.0000 0.0000 0.0000  0.0000 3.1416 0.0000 000 000 0 golem_ice_mini_boss_3_dead 0</object>
        <object>rock_4             0  025 008  0.0000 0.0000 0.0000  0.0000 3.1416 0.0000 000 000 0 golem_ice_mini_boss_3_dead 0</object>
        <object>rock_4             0  025 009  0.0000 0.0000 0.0000  0.0000 3.1416 0.0000 000 000 0 golem_ice_mini_boss_3_dead 0</object>
        <object>rock_4             0  026 001  0.0000 0.0000 0.0000  0.0000 3.1416 0.0000 000 000 0 golem_ice_mini_boss_3_dead 0</object>
        <object>rock_4             0  026 002  0.0000 0.0000 0.0000  0.0000 3.1416 0.0000 000 000 0 golem_ice_mini_boss_3_dead 0</object>
        <object>rock_4             0  026 003  0.0000 0.0000 0.0000  0.0000 3.1416 0.0000 000 000 0 golem_ice_mini_boss_3_dead 0</object>
        <object>rock_4             0  026 004  0.0000 0.0000 0.0000  0.0000 3.1416 0.0000 000 000 0 golem_ice_mini_boss_3_dead 0</object>
        <object>rock_4             0  026 005  0.0000 0.0000 0.0000  0.0000 3.1416 0.0000 000 000 0 golem_ice_mini_boss_3_dead 0</object>
        <object>rock_4             0  026 006  0.0000 0.0000 0.0000  0.0000 3.1416 0.0000 000 000 0 golem_ice_mini_boss_3_dead 0</object>
        <object>rock_4             0  026 007  0.0000 0.0000 0.0000  0.0000 3.1416 0.0000 000 000 0 golem_ice_mini_boss_3_dead 0</object>
        <object>rock_4             0  026 008  0.0000 0.0000 0.0000  0.0000 3.1416 0.0000 000 000 0 golem_ice_mini_boss_3_dead 0</object>
        <object>rock_4             0  026 009  0.0000 0.0000 0.0000  0.0000 3.1416 0.0000 000 000 0 golem_ice_mini_boss_3_dead 0</object>
        <object>rock_4             0  027 001  0.0000 0.0000 0.0000  0.0000 3.1416 0.0000 000 000 0 golem_ice_mini_boss_3_dead 0</object>
        <object>rock_4             0  027 002  0.0000 0.0000 0.0000  0.0000 3.1416 0.0000 000 000 0 golem_ice_mini_boss_3_dead 0</object>
        <object>rock_4             0  027 003  0.0000 0.0000 0.0000  0.0000 3.1416 0.0000 000 000 0 golem_ice_mini_boss_3_dead 0</object>
        <object>rock_4             0  027 004  0.0000 0.0000 0.0000  0.0000 3.1416 0.0000 000 000 0 golem_ice_mini_boss_3_dead 0</object>
        <object>rock_4             0  027 005  0.0000 0.0000 0.0000  0.0000 3.1416 0.0000 000 000 0 golem_ice_mini_boss_3_dead 0</object>
        <object>rock_4             0  027 006  0.0000 0.0000 0.0000  0.0000 3.1416 0.0000 000 000 0 golem_ice_mini_boss_3_dead 0</object>
        <object>rock_4             0  027 007  0.0000 0.0000 0.0000  0.0000 3.1416 0.0000 000 000 0 golem_ice_mini_boss_3_dead 0</object>
        <object>rock_4             0  027 008  0.0000 0.0000 0.0000  0.0000 3.1416 0.0000 000 000 0 golem_ice_mini_boss_3_dead 0</object>
        <object>rock_4             0  027 009  0.0000 0.0000 0.0000  0.0000 3.1416 0.0000 000 000 0 golem_ice_mini_boss_3_dead 0</object>
        <object>rock_4             0  028 001  0.0000 0.0000 0.0000  0.0000 3.1416 0.0000 000 000 0 golem_ice_mini_boss_3_dead 0</object>
        <object>rock_4             0  028 002  0.0000 0.0000 0.0000  0.0000 3.1416 0.0000 000 000 0 golem_ice_mini_boss_3_dead 0</object>
        <object>rock_4             0  028 003  0.0000 0.0000 0.0000  0.0000 3.1416 0.0000 000 000 0 golem_ice_mini_boss_3_dead 0</object>
        <object>rock_4             0  028 004  0.0000 0.0000 0.0000  0.0000 3.1416 0.0000 000 000 0 golem_ice_mini_boss_3_dead 0</object>
        <object>rock_4             0  028 005  0.0000 0.0000 0.0000  0.0000 3.1416 0.0000 000 000 0 golem_ice_mini_boss_3_dead 0</object>
        <object>rock_4             0  028 006  0.0000 0.0000 0.0000  0.0000 3.1416 0.0000 000 000 0 golem_ice_mini_boss_3_dead 0</object>
        <object>rock_4             0  028 007  0.0000 0.0000 0.0000  0.0000 3.1416 0.0000 000 000 0 golem_ice_mini_boss_3_dead 0</object>
        <object>rock_4             0  028 008  0.0000 0.0000 0.0000  0.0000 3.1416 0.0000 000 000 0 golem_ice_mini_boss_3_dead 0</object>
        <object>rock_4             0  028 009  0.0000 0.0000 0.0000  0.0000 3.1416 0.0000 000 000 0 golem_ice_mini_boss_3_dead 0</object>
        <object>rock_4             0  029 001  0.0000 0.0000 0.0000  0.0000 3.1416 0.0000 000 000 0 golem_ice_mini_boss_3_dead 0</object>
        <object>rock_4             0  029 002  0.0000 0.0000 0.0000  0.0000 3.1416 0.0000 000 000 0 golem_ice_mini_boss_3_dead 0</object>
        <object>rock_4             0  029 003  0.0000 0.0000 0.0000  0.0000 3.1416 0.0000 000 000 0 golem_ice_mini_boss_3_dead 0</object>
        <object>rock_4             0  029 004  0.0000 0.0000 0.0000  0.0000 3.1416 0.0000 000 000 0 golem_ice_mini_boss_3_dead 0</object>
        <object>rock_4             0  029 005  0.0000 0.0000 0.0000  0.0000 3.1416 0.0000 000 000 0 golem_ice_mini_boss_3_dead 0</object>
        <object>rock_4             0  029 006  0.0000 0.0000 0.0000  0.0000 3.1416 0.0000 000 000 0 golem_ice_mini_boss_3_dead 0</object>
        <object>rock_4             0  029 007  0.0000 0.0000 0.0000  0.0000 3.1416 0.0000 000 000 0 golem_ice_mini_boss_3_dead 0</object>
        <object>rock_4             0  029 008  0.0000 0.0000 0.0000  0.0000 3.1416 0.0000 000 000 0 golem_ice_mini_boss_3_dead 0</object>
        <object>rock_4             0  029 009  0.0000 0.0000 0.0000  0.0000 3.1416 0.0000 000 000 0 golem_ice_mini_boss_3_dead 0</object>
        <object>rock_4             0  030 001  0.0000 0.0000 0.0000  0.0000 3.1416 0.0000 000 000 0 golem_ice_mini_boss_3_dead 0</object>
        <object>rock_4             0  030 002  0.0000 0.0000 0.0000  0.0000 3.1416 0.0000 000 000 0 golem_ice_mini_boss_3_dead 0</object>
        <object>rock_4             0  030 003  0.0000 0.0000 0.0000  0.0000 3.1416 0.0000 000 000 0 golem_ice_mini_boss_3_dead 0</object>
        <object>rock_4             0  030 004  0.0000 0.0000 0.0000  0.0000 3.1416 0.0000 000 000 0 golem_ice_mini_boss_3_dead 0</object>
        <object>rock_4             0  030 005  0.0000 0.0000 0.0000  0.0000 3.1416 0.0000 000 000 0 golem_ice_mini_boss_3_dead 0</object>
        <object>rock_4             0  030 006  0.0000 0.0000 0.0000  0.0000 3.1416 0.0000 000 000 0 golem_ice_mini_boss_3_dead 0</object>
        <object>rock_4             0  030 007  0.0000 0.0000 0.0000  0.0000 3.1416 0.0000 000 000 0 golem_ice_mini_boss_3_dead 0</object>
        <object>rock_4             0  030 008  0.0000 0.0000 0.0000  0.0000 3.1416 0.0000 000 000 0 golem_ice_mini_boss_3_dead 0</object>
        <object>rock_4             0  030 009  0.0000 0.0000 0.0000  0.0000 3.1416 0.0000 000 000 0 golem_ice_mini_boss_3_dead 0</object>
        <object>rock_4             0  031 001  0.0000 0.0000 0.0000  0.0000 3.1416 0.0000 000 000 0 golem_ice_mini_boss_3_dead 0</object>
        <object>rock_4             0  031 002  0.0000 0.0000 0.0000  0.0000 3.1416 0.0000 000 000 0 golem_ice_mini_boss_3_dead 0</object>
        <object>rock_4             0  031 003  0.0000 0.0000 0.0000  0.0000 3.1416 0.0000 000 000 0 golem_ice_mini_boss_3_dead 0</object>
        <object>rock_4             0  031 004  0.0000 0.0000 0.0000  0.0000 3.1416 0.0000 000 000 0 golem_ice_mini_boss_3_dead 0</object>
        <object>rock_4             0  031 005  0.0000 0.0000 0.0000  0.0000 3.1416 0.0000 000 000 0 golem_ice_mini_boss_3_dead 0</object>
        <object>rock_4             0  031 006  0.0000 0.0000 0.0000  0.0000 3.1416 0.0000 000 000 0 golem_ice_mini_boss_3_dead 0</object>
        <object>rock_4             0  031 007  0.0000 0.0000 0.0000  0.0000 3.1416 0.0000 000 000 0 golem_ice_mini_boss_3_dead 0</object>
        <object>rock_4             0  031 008  0.0000 0.0000 0.0000  0.0000 3.1416 0.0000 000 000 0 golem_ice_mini_boss_3_dead 0</object>
        <object>rock_4             0  031 009  0.0000 0.0000 0.0000  0.0000 3.1416 0.0000 000 000 0 golem_ice_mini_boss_3_dead 0</object>
        <object>rock_4             0  032 001  0.0000 0.0000 0.0000  0.0000 3.1416 0.0000 000 000 0 golem_ice_mini_boss_3_dead 0</object>
        <object>rock_4             0  032 002  0.0000 0.0000 0.0000  0.0000 3.1416 0.0000 000 000 0 golem_ice_mini_boss_3_dead 0</object>
        <object>rock_4             0  032 003  0.0000 0.0000 0.0000  0.0000 3.1416 0.0000 000 000 0 golem_ice_mini_boss_3_dead 0</object>
        <object>rock_4             0  032 004  0.0000 0.0000 0.0000  0.0000 3.1416 0.0000 000 000 0 golem_ice_mini_boss_3_dead 0</object>
        <object>rock_4             0  032 005  0.0000 0.0000 0.0000  0.0000 3.1416 0.0000 000 000 0 golem_ice_mini_boss_3_dead 0</object>
        <object>rock_4             0  032 006  0.0000 0.0000 0.0000  0.0000 3.1416 0.0000 000 000 0 golem_ice_mini_boss_3_dead 0</object>
        <object>rock_4             0  032 007  0.0000 0.0000 0.0000  0.0000 3.1416 0.0000 000 000 0 golem_ice_mini_boss_3_dead 0</object>
        <object>rock_4             0  032 008  0.0000 0.0000 0.0000  0.0000 3.1416 0.0000 000 000 0 golem_ice_mini_boss_3_dead 0</object>
        <object>rock_4             0  032 009  0.0000 0.0000 0.0000  0.0000 3.1416 0.0000 000 000 0 golem_ice_mini_boss_3_dead 0</object>
        <object>rock_4             0  033 001  0.0000 0.0000 0.0000  0.0000 3.1416 0.0000 000 000 0 golem_ice_mini_boss_3_dead 0</object>
        <object>rock_4             0  033 002  0.0000 0.0000 0.0000  0.0000 3.1416 0.0000 000 000 0 golem_ice_mini_boss_3_dead 0</object>
        <object>rock_4             0  033 003  0.0000 0.0000 0.0000  0.0000 3.1416 0.0000 000 000 0 golem_ice_mini_boss_3_dead 0</object>
        <object>rock_4             0  033 004  0.0000 0.0000 0.0000  0.0000 3.1416 0.0000 000 000 0 golem_ice_mini_boss_3_dead 0</object>
        <object>rock_4             0  033 005  0.0000 0.0000 0.0000  0.0000 3.1416 0.0000 000 000 0 golem_ice_mini_boss_3_dead 0</object>
        <object>rock_4             0  033 006  0.0000 0.0000 0.0000  0.0000 3.1416 0.0000 000 000 0 golem_ice_mini_boss_3_dead 0</object>
        <object>rock_4             0  033 007  0.0000 0.0000 0.0000  0.0000 3.1416 0.0000 000 000 0 golem_ice_mini_boss_3_dead 0</object>
        <object>rock_4             0  033 008  0.0000 0.0000 0.0000  0.0000 3.1416 0.0000 000 000 0 golem_ice_mini_boss_3_dead 0</object>
        <object>rock_4             0  033 009  0.0000 0.0000 0.0000  0.0000 3.1416 0.0000 000 000 0 golem_ice_mini_boss_3_dead 0</object>
        <object>rock_4             0  034 001  0.0000 0.0000 0.0000  0.0000 3.1416 0.0000 000 000 0 golem_ice_mini_boss_3_dead 0</object>
        <object>rock_4             0  034 002  0.0000 0.0000 0.0000  0.0000 3.1416 0.0000 000 000 0 golem_ice_mini_boss_3_dead 0</object>
        <object>rock_4             0  034 003  0.0000 0.0000 0.0000  0.0000 3.1416 0.0000 000 000 0 golem_ice_mini_boss_3_dead 0</object>
        <object>rock_4             0  034 004  0.0000 0.0000 0.0000  0.0000 3.1416 0.0000 000 000 0 golem_ice_mini_boss_3_dead 0</object>
        <object>rock_4             0  034 005  0.0000 0.0000 0.0000  0.0000 3.1416 0.0000 000 000 0 golem_ice_mini_boss_3_dead 0</object>
        <object>rock_4             0  034 006  0.0000 0.0000 0.0000  0.0000 3.1416 0.0000 000 000 0 golem_ice_mini_boss_3_dead 0</object>
        <object>rock_4             0  034 007  0.0000 0.0000 0.0000  0.0000 3.1416 0.0000 000 000 0 golem_ice_mini_boss_3_dead 0</object>
        <object>rock_4             0  034 008  0.0000 0.0000 0.0000  0.0000 3.1416 0.0000 000 000 0 golem_ice_mini_boss_3_dead 0</object>
        <object>rock_4             0  034 009  0.0000 0.0000 0.0000  0.0000 3.1416 0.0000 000 000 0 golem_ice_mini_boss_3_dead 0</object>
        <object>rock_4             0  035 001  0.0000 0.0000 0.0000  0.0000 3.1416 0.0000 000 000 0 golem_ice_mini_boss_3_dead 0</object>
        <object>rock_4             0  035 002  0.0000 0.0000 0.0000  0.0000 3.1416 0.0000 000 000 0 golem_ice_mini_boss_3_dead 0</object>
        <object>rock_4             0  035 003  0.0000 0.0000 0.0000  0.0000 3.1416 0.0000 000 000 0 golem_ice_mini_boss_3_dead 0</object>
        <object>rock_4             0  035 004  0.0000 0.0000 0.0000  0.0000 3.1416 0.0000 000 000 0 golem_ice_mini_boss_3_dead 0</object>
        <object>rock_4             0  035 005  0.0000 0.0000 0.0000  0.0000 3.1416 0.0000 000 000 0 golem_ice_mini_boss_3_dead 0</object>
        <object>rock_4             0  035 006  0.0000 0.0000 0.0000  0.0000 3.1416 0.0000 000 000 0 golem_ice_mini_boss_3_dead 0</object>
        <object>rock_4             0  035 007  0.0000 0.0000 0.0000  0.0000 3.1416 0.0000 000 000 0 golem_ice_mini_boss_3_dead 0</object>
        <object>rock_4             0  035 008  0.0000 0.0000 0.0000  0.0000 3.1416 0.0000 000 000 0 golem_ice_mini_boss_3_dead 0</object>
        <object>rock_4             0  035 009  0.0000 0.0000 0.0000  0.0000 3.1416 0.0000 000 000 0 golem_ice_mini_boss_3_dead 0</object>
        <object>rock_4             0  036 001  0.0000 0.0000 0.0000  0.0000 3.1416 0.0000 000 000 0 golem_ice_mini_boss_3_dead 0</object>
        <object>rock_4             0  036 002  0.0000 0.0000 0.0000  0.0000 3.1416 0.0000 000 000 0 golem_ice_mini_boss_3_dead 0</object>
        <object>rock_4             0  036 003  0.0000 0.0000 0.0000  0.0000 3.1416 0.0000 000 000 0 golem_ice_mini_boss_3_dead 0</object>
        <object>rock_4             0  036 004  0.0000 0.0000 0.0000  0.0000 3.1416 0.0000 000 000 0 golem_ice_mini_boss_3_dead 0</object>
        <object>rock_4             0  036 005  0.0000 0.0000 0.0000  0.0000 3.1416 0.0000 000 000 0 golem_ice_mini_boss_3_dead 0</object>
        <object>rock_4             0  036 006  0.0000 0.0000 0.0000  0.0000 3.1416 0.0000 000 000 0 golem_ice_mini_boss_3_dead 0</object>
        <object>rock_4             0  036 007  0.0000 0.0000 0.0000  0.0000 3.1416 0.0000 000 000 0 golem_ice_mini_boss_3_dead 0</object>
        <object>rock_4             0  036 008  0.0000 0.0000 0.0000  0.0000 3.1416 0.0000 000 000 0 golem_ice_mini_boss_3_dead 0</object>
        <object>rock_4             0  036 009  0.0000 0.0000 0.0000  0.0000 3.1416 0.0000 000 000 0 golem_ice_mini_boss_3_dead 0</object>
        <object>rock_4             0  037 001  0.0000 0.0000 0.0000  0.0000 3.1416 0.0000 000 000 0 golem_ice_mini_boss_3_dead 0</object>
        <object>rock_4             0  037 002  0.0000 0.0000 0.0000  0.0000 3.1416 0.0000 000 000 0 golem_ice_mini_boss_3_dead 0</object>
        <object>rock_4             0  037 003  0.0000 0.0000 0.0000  0.0000 3.1416 0.0000 000 000 0 golem_ice_mini_boss_3_dead 0</object>
        <object>rock_4             0  037 004  0.0000 0.0000 0.0000  0.0000 3.1416 0.0000 000 000 0 golem_ice_mini_boss_3_dead 0</object>
        <object>rock_4             0  037 005  0.0000 0.0000 0.0000  0.0000 3.1416 0.0000 000 000 0 golem_ice_mini_boss_3_dead 0</object>
        <object>rock_4             0  037 006  0.0000 0.0000 0.0000  0.0000 3.1416 0.0000 000 000 0 golem_ice_mini_boss_3_dead 0</object>
        <object>rock_4             0  037 007  0.0000 0.0000 0.0000  0.0000 3.1416 0.0000 000 000 0 golem_ice_mini_boss_3_dead 0</object>
        <object>rock_4             0  037 008  0.0000 0.0000 0.0000  0.0000 3.1416 0.0000 000 000 0 golem_ice_mini_boss_3_dead 0</object>
        <object>rock_4             0  037 009  0.0000 0.0000 0.0000  0.0000 3.1416 0.0000 000 000 0 golem_ice_mini_boss_3_dead 0</object>
        <object>rock_4             0  038 001  0.0000 0.0000 0.0000  0.0000 3.1416 0.0000 000 000 0 golem_ice_mini_boss_3_dead 0</object>
        <object>rock_4             0  038 002  0.0000 0.0000 0.0000  0.0000 3.1416 0.0000 000 000 0 golem_ice_mini_boss_3_dead 0</object>
        <object>rock_4             0  038 003  0.0000 0.0000 0.0000  0.0000 3.1416 0.0000 000 000 0 golem_ice_mini_boss_3_dead 0</object>
        <object>rock_4             0  038 004  0.0000 0.0000 0.0000  0.0000 3.1416 0.0000 000 000 0 golem_ice_mini_boss_3_dead 0</object>
        <object>rock_4             0  038 005  0.0000 0.0000 0.0000  0.0000 3.1416 0.0000 000 000 0 golem_ice_mini_boss_3_dead 0</object>
        <object>rock_4             0  038 006  0.0000 0.0000 0.0000  0.0000 3.1416 0.0000 000 000 0 golem_ice_mini_boss_3_dead 0</object>
        <object>rock_4             0  038 007  0.0000 0.0000 0.0000  0.0000 3.1416 0.0000 000 000 0 golem_ice_mini_boss_3_dead 0</object>
        <object>rock_4             0  038 008  0.0000 0.0000 0.0000  0.0000 3.1416 0.0000 000 000 0 golem_ice_mini_boss_3_dead 0</object>
        <object>rock_4             0  038 009  0.0000 0.0000 0.0000  0.0000 3.1416 0.0000 000 000 0 golem_ice_mini_boss_3_dead 0</object>
        <object>rock_4             0  039 001  0.0000 0.0000 0.0000  0.0000 3.1416 0.0000 000 000 0 golem_ice_mini_boss_3_dead 0</object>
        <object>rock_4             0  039 002  0.0000 0.0000 0.0000  0.0000 3.1416 0.0000 000 000 0 golem_ice_mini_boss_3_dead 0</object>
        <object>rock_4             0  039 003  0.0000 0.0000 0.0000  0.0000 3.1416 0.0000 000 000 0 golem_ice_mini_boss_3_dead 0</object>
        <object>rock_4             0  039 004  0.0000 0.0000 0.0000  0.0000 3.1416 0.0000 000 000 0 golem_ice_mini_boss_3_dead 0</object>
        <object>rock_4             0  039 005  0.0000 0.0000 0.0000  0.0000 3.1416 0.0000 000 000 0 golem_ice_mini_boss_3_dead 0</object>
        <object>rock_4             0  039 006  0.0000 0.0000 0.0000  0.0000 3.1416 0.0000 000 000 0 golem_ice_mini_boss_3_dead 0</object>
        <object>rock_4             0  039 007  0.0000 0.0000 0.0000  0.0000 3.1416 0.0000 000 000 0 golem_ice_mini_boss_3_dead 0</object>
        <object>rock_4             0  039 008  0.0000 0.0000 0.0000  0.0000 3.1416 0.0000 000 000 0 golem_ice_mini_boss_3_dead 0</object>
        <object>rock_4             0  039 009  0.0000 0.0000 0.0000  0.0000 3.1416 0.0000 000 000 0 golem_ice_mini_boss_3_dead 0</object>
        <object>rock_4             0  040 001  0.0000 0.0000 0.0000  0.0000 3.1416 0.0000 000 000 0 golem_ice_mini_boss_3_dead 0</object>
        <object>rock_4             0  040 002  0.0000 0.0000 0.0000  0.0000 3.1416 0.0000 000 000 0 golem_ice_mini_boss_3_dead 0</object>
        <object>rock_4             0  040 003  0.0000 0.0000 0.0000  0.0000 3.1416 0.0000 000 000 0 golem_ice_mini_boss_3_dead 0</object>
        <object>rock_4             0  040 004  0.0000 0.0000 0.0000  0.0000 3.1416 0.0000 000 000 0 golem_ice_mini_boss_3_dead 0</object>
        <object>rock_4             0  040 005  0.0000 0.0000 0.0000  0.0000 3.1416 0.0000 000 000 0 golem_ice_mini_boss_3_dead 0</object>
        <object>rock_4             0  040 006  0.0000 0.0000 0.0000  0.0000 3.1416 0.0000 000 000 0 golem_ice_mini_boss_3_dead 0</object>
        <object>rock_4             0  040 007  0.0000 0.0000 0.0000  0.0000 3.1416 0.0000 000 000 0 golem_ice_mini_boss_3_dead 0</object>
        <object>rock_4             0  040 008  0.0000 0.0000 0.0000  0.0000 3.1416 0.0000 000 000 0 golem_ice_mini_boss_3_dead 0</object>
        <object>rock_4             0  040 009  0.0000 0.0000 0.0000  0.0000 3.1416 0.0000 000 000 0 golem_ice_mini_boss_3_dead 0</object>
    </objects>

</map>
