<?xml version = "1.0" encoding = "UTF-8" ?>
<map>
    <information>
        <map_name>cemetery_1_002</map_name>
        <map_biome>cemetery_1</map_biome>
        <map_tiles_x>66</map_tiles_x>
        <map_tiles_y>66</map_tiles_y>
        <map_seed>389151908</map_seed>
        <map_music_name>cemetery_1</map_music_name>
        <map_music_number>1</map_music_number>
        <world_orientation>0 0 1</world_orientation>
    </information>

    <tile_data>
        # tileNone           =  0,  // None
        # tileFloor          =  1,  // Floor tile
        # tilePath           =  2,  // Path tile
        # tileFloorNoGo      =  3,  // Floor no go tile
        # tilePathNoGo       =  4,  // Path no go tile
        # tileWallTall       =  5,  // Wall tall tile
        # tileWallTallHole   =  6,  // Wall tall tile - hole
        # tileWallShort      =  7,  // Wall short tile
        # tileDoorWay        =  8,  // DoorWay tile
        # tileDoorwayNoGo    =  9   // Doorway no go tile
        <tiles>5,5,5,5,5,5,5,5,5,5,5,5,5,5,5,5,5,5,5,5,5,5,5,5,5,5,5,5,5,5,5,1,1,1,1,5,5,5,5,5,5,5,5,5,5,5,5,5,5,5,5,5,5,5,5,5,5,5,5,5,5,5,5,5,5,5</tiles>
        <tiles>5,5,5,5,5,5,5,5,5,5,5,5,5,5,5,5,5,5,5,5,5,5,5,5,5,5,5,5,5,5,5,1,1,1,1,5,5,5,5,5,5,5,5,5,5,5,5,5,5,5,5,5,5,5,5,5,5,5,5,5,5,5,5,5,5,5</tiles>
        <tiles>5,5,5,5,5,5,5,5,5,5,5,5,5,5,5,5,1,1,1,5,5,1,1,1,5,5,5,5,1,1,1,1,1,1,1,1,1,1,1,1,1,1,1,5,5,5,5,5,5,1,1,1,1,1,1,5,5,5,5,5,5,5,5,5,5,5</tiles>
        <tiles>5,5,5,5,5,5,5,5,5,5,5,5,5,5,1,1,1,1,1,1,1,1,1,1,5,5,5,1,1,1,1,1,2,2,1,1,1,1,1,1,1,1,1,1,5,5,5,5,1,1,1,1,1,1,1,1,5,5,5,5,5,5,5,5,5,5</tiles>
        <tiles>5,5,5,5,5,5,5,5,5,5,5,1,1,1,1,1,1,1,1,1,1,1,1,1,1,1,1,1,1,1,1,1,2,2,1,1,1,1,1,1,1,1,1,1,5,5,1,1,1,1,1,1,1,1,1,1,5,5,5,5,5,5,5,5,5,5</tiles>
        <tiles>5,5,5,5,5,5,5,5,5,5,1,1,1,1,1,1,1,1,1,1,1,1,1,1,1,1,1,1,1,1,1,1,2,2,1,1,1,1,1,1,1,1,1,1,1,1,1,1,1,1,1,1,1,1,1,1,5,5,5,5,5,5,5,5,5,5</tiles>
        <tiles>5,5,5,5,5,5,5,5,1,1,1,1,1,1,1,1,1,1,1,1,1,1,1,1,1,1,1,1,1,1,1,1,2,2,1,1,1,1,1,1,1,1,1,1,1,1,1,1,1,1,1,1,1,1,1,1,1,5,5,5,5,5,5,5,5,5</tiles>
        <tiles>5,5,5,5,5,5,5,5,1,1,1,1,1,1,1,1,1,1,1,1,1,1,1,1,1,1,1,1,1,1,1,1,2,2,1,1,1,1,1,1,1,1,1,1,1,1,1,1,1,1,1,1,1,1,1,1,1,5,5,5,5,5,5,5,5,5</tiles>
        <tiles>5,5,5,5,5,5,5,1,1,1,1,1,1,1,1,1,1,1,1,1,1,1,1,1,1,1,1,1,1,1,1,1,2,2,1,1,1,1,1,1,1,1,1,1,1,1,1,1,1,1,1,1,1,1,1,1,1,1,5,5,5,5,5,5,5,5</tiles>
        <tiles>5,5,5,5,1,1,1,1,1,1,1,1,1,1,1,1,1,1,1,1,1,1,1,1,1,1,1,1,1,1,1,1,2,2,1,1,1,1,1,1,1,1,1,1,1,1,1,1,1,1,1,1,1,1,1,1,1,1,1,5,5,5,5,5,5,5</tiles>
        <tiles>5,5,1,1,1,1,1,1,1,1,1,1,1,1,1,1,1,1,1,1,1,1,1,1,1,1,1,1,1,1,1,1,2,2,1,1,1,1,1,1,1,1,1,1,1,1,1,1,1,1,1,1,1,1,1,1,1,1,1,1,5,5,5,5,5,5</tiles>
        <tiles>5,5,1,1,1,1,1,1,1,1,1,1,1,1,1,1,1,1,1,1,1,1,1,1,1,1,1,1,1,1,1,1,2,2,1,1,1,1,1,1,1,1,1,1,1,1,1,1,1,1,1,1,1,1,1,1,1,1,1,1,1,5,5,5,5,5</tiles>
        <tiles>5,5,1,1,1,1,1,1,1,1,1,1,1,1,1,1,1,1,1,1,1,1,1,1,1,1,1,1,1,1,1,1,2,2,1,1,1,1,1,1,1,1,1,1,1,1,1,1,1,1,1,1,1,1,1,1,1,1,1,1,1,5,5,5,5,5</tiles>
        <tiles>5,5,5,1,1,1,1,1,1,1,1,1,1,1,1,1,1,1,1,1,1,1,1,1,1,1,1,1,1,1,1,1,2,2,1,1,1,1,1,1,1,1,1,1,1,1,1,1,1,1,1,1,1,1,1,1,1,1,1,1,1,1,5,5,5,5</tiles>
        <tiles>5,5,5,5,1,1,1,1,1,1,1,1,1,1,1,1,1,1,1,1,1,1,1,1,1,1,1,1,1,1,1,1,2,2,1,1,1,1,1,1,1,1,1,1,1,1,1,1,1,1,1,1,1,1,1,1,1,1,1,1,1,1,5,5,5,5</tiles>
        <tiles>5,5,5,5,1,1,1,1,1,1,1,1,1,1,1,1,1,1,1,1,1,1,1,1,1,1,1,1,1,1,1,1,2,2,1,1,1,1,1,1,1,1,1,1,1,1,1,1,1,1,1,1,1,1,1,1,1,1,1,1,1,1,5,5,5,5</tiles>
        <tiles>5,5,5,5,1,1,1,1,1,1,1,1,1,1,1,1,1,1,1,1,1,1,1,1,1,1,1,1,1,1,1,1,2,2,1,1,1,1,1,1,1,1,1,1,1,1,1,1,1,1,1,1,1,1,1,1,1,1,1,1,1,1,1,5,5,5</tiles>
        <tiles>5,5,5,1,1,1,1,1,1,1,1,1,1,1,1,1,1,1,1,1,1,1,1,1,1,1,1,1,1,1,1,1,2,2,1,1,1,1,1,1,1,1,1,1,1,1,1,1,1,1,1,1,1,1,1,1,1,1,1,1,1,1,1,1,5,5</tiles>
        <tiles>5,5,1,1,1,1,1,1,1,5,5,1,1,1,1,1,1,1,1,1,1,1,1,1,1,1,1,1,1,1,1,1,2,2,1,1,1,1,1,1,1,1,1,1,1,1,1,1,1,1,1,1,1,1,1,1,1,1,1,1,1,1,1,1,5,5</tiles>
        <tiles>5,5,1,1,1,1,1,1,1,5,5,1,1,1,1,1,1,1,1,1,1,1,1,1,1,1,1,1,1,1,1,1,2,2,1,1,1,1,1,1,1,1,1,1,1,1,1,1,1,1,1,1,1,1,1,1,1,1,1,1,1,1,1,1,5,5</tiles>
        <tiles>5,5,1,1,1,1,1,1,1,5,5,1,1,1,1,1,1,1,1,1,1,1,1,1,1,1,1,1,1,1,1,1,2,2,1,1,1,1,1,1,1,1,1,1,1,1,1,1,1,1,1,1,1,1,1,1,1,1,1,1,1,1,1,1,5,5</tiles>
        <tiles>5,5,5,1,1,1,1,1,1,1,1,1,1,1,1,1,1,1,1,1,1,1,1,1,1,1,1,1,1,1,1,1,2,2,1,1,1,1,1,1,1,1,1,1,1,1,1,1,1,1,1,1,1,1,1,1,1,1,1,1,1,1,1,1,5,5</tiles>
        <tiles>5,5,5,5,1,1,1,1,1,1,1,1,1,1,1,1,1,1,1,1,1,1,1,1,1,1,1,1,1,1,1,1,2,2,1,1,1,1,1,1,1,1,1,1,1,1,1,1,1,1,1,1,1,1,1,1,1,1,1,1,1,1,1,1,5,5</tiles>
        <tiles>5,5,5,5,5,1,1,1,1,1,1,1,1,1,1,1,1,1,1,1,1,1,1,1,1,1,1,1,1,1,1,1,2,2,1,1,1,1,1,1,1,1,1,1,1,1,1,1,1,1,1,1,1,1,1,1,1,1,1,1,1,1,1,1,5,5</tiles>
        <tiles>5,5,5,5,5,5,1,1,1,1,1,1,1,1,1,1,1,1,1,1,1,1,1,1,1,1,1,1,1,1,1,1,2,2,1,1,1,1,1,1,1,1,1,1,1,1,1,1,1,1,1,1,1,1,1,1,1,1,1,1,1,1,1,1,5,5</tiles>
        <tiles>5,5,5,5,5,5,1,1,1,1,1,1,1,1,1,1,1,1,1,1,1,1,1,1,1,1,1,1,1,1,1,1,2,2,1,1,1,1,1,1,1,1,1,1,1,1,1,1,1,1,1,1,1,1,1,1,1,1,1,1,1,1,1,1,5,5</tiles>
        <tiles>5,5,5,5,5,5,5,1,1,1,1,1,1,1,1,1,1,1,1,1,1,1,1,1,1,1,1,1,1,1,1,1,2,2,1,1,1,1,1,1,1,1,1,1,1,1,1,1,1,1,1,1,1,1,1,1,1,1,1,1,1,1,1,1,5,5</tiles>
        <tiles>5,5,5,5,5,5,5,1,1,1,1,1,1,1,1,1,1,1,1,1,1,1,1,1,1,1,1,1,1,1,1,1,2,2,1,1,1,1,1,1,1,1,1,1,1,1,1,1,1,1,1,1,1,1,1,1,1,1,1,1,1,1,1,1,5,5</tiles>
        <tiles>5,5,5,5,5,5,1,1,1,1,1,1,1,1,1,1,1,1,1,1,1,1,1,1,1,1,1,1,1,1,1,1,2,2,1,1,1,1,1,1,1,1,1,1,1,1,1,1,1,1,1,1,1,1,1,1,1,1,1,1,1,1,1,1,5,5</tiles>
        <tiles>5,5,5,5,1,1,1,1,1,1,1,1,1,1,1,1,1,1,1,1,1,1,1,1,1,1,1,1,1,1,1,1,2,2,1,1,1,1,1,1,1,1,1,1,1,1,1,1,1,1,1,1,1,1,1,1,1,1,1,1,1,1,1,1,5,5</tiles>
        <tiles>5,5,1,1,1,1,1,1,1,1,1,1,1,1,1,1,1,1,1,1,1,1,1,1,1,1,1,1,1,1,1,1,2,2,1,1,1,1,1,1,1,1,1,1,1,1,1,1,1,1,1,1,1,1,1,1,1,1,1,1,1,1,1,1,5,5</tiles>
        <tiles>1,1,1,1,1,1,1,1,1,1,1,1,1,1,1,1,1,1,1,1,1,1,1,1,1,1,1,1,1,1,1,1,2,2,1,1,1,1,1,1,1,1,1,1,1,1,1,1,1,1,1,1,1,1,1,1,1,1,1,1,1,1,1,1,1,1</tiles>
        <tiles>1,1,1,1,2,2,2,2,2,2,2,2,2,2,2,2,2,2,2,2,2,2,2,2,2,2,2,2,2,2,2,2,2,2,2,2,2,2,2,2,2,2,2,2,2,2,2,2,2,2,2,2,2,2,2,2,2,2,2,2,2,2,1,1,1,1</tiles>
        <tiles>1,1,1,1,2,2,2,2,2,2,2,2,2,2,2,2,2,2,2,2,2,2,2,2,2,2,2,2,2,2,2,2,2,2,2,2,2,2,2,2,2,2,2,2,2,2,2,2,2,2,2,2,2,2,2,2,2,2,2,2,2,2,1,1,1,1</tiles>
        <tiles>1,1,1,1,1,1,1,1,1,1,1,1,1,1,1,1,1,1,1,1,1,1,1,1,1,1,1,1,1,1,1,1,2,2,1,1,1,1,1,1,1,1,1,1,1,1,1,1,1,1,1,1,1,1,1,1,1,1,1,1,1,1,1,1,1,1</tiles>
        <tiles>5,5,1,1,1,1,1,1,1,1,1,1,1,1,1,1,1,1,1,1,1,1,1,1,1,1,1,1,1,1,1,1,2,2,1,1,1,1,1,1,1,1,1,1,1,1,1,1,1,1,1,1,1,1,1,1,1,1,1,1,1,1,1,1,5,5</tiles>
        <tiles>5,5,5,5,5,1,1,1,1,1,1,1,1,1,1,1,1,1,1,1,1,1,1,1,1,1,1,1,1,1,1,1,2,2,1,1,1,1,1,1,1,1,1,1,1,1,1,1,1,1,1,1,5,5,1,1,1,1,1,1,1,1,1,1,5,5</tiles>
        <tiles>5,5,5,5,5,5,5,5,1,1,1,1,1,1,1,1,1,1,1,1,1,1,1,1,1,1,1,1,1,1,1,1,2,2,1,1,1,1,1,1,1,1,1,1,1,1,1,1,1,1,1,5,5,5,5,1,1,1,1,1,1,1,1,1,5,5</tiles>
        <tiles>5,5,5,5,5,5,5,5,1,1,1,1,1,1,1,1,1,1,1,1,1,1,1,1,1,1,1,1,1,1,1,1,2,2,1,1,1,1,1,1,1,1,1,1,1,1,1,1,1,1,5,5,5,5,5,5,1,1,1,1,1,1,1,1,5,5</tiles>
        <tiles>5,5,5,5,5,5,5,5,1,1,1,1,1,1,1,5,5,5,1,1,1,1,1,1,1,1,1,1,1,1,1,1,2,2,1,1,1,1,1,1,1,1,1,1,1,1,1,1,1,1,5,5,5,5,5,5,1,1,1,1,1,1,1,1,5,5</tiles>
        <tiles>5,5,5,5,5,5,5,5,1,1,1,1,1,1,1,5,5,5,1,1,1,1,1,1,1,1,1,1,1,1,1,1,2,2,1,1,1,1,1,1,1,1,1,1,1,1,1,1,1,1,1,5,5,5,1,1,1,1,1,1,1,1,1,1,5,5</tiles>
        <tiles>5,5,5,5,5,5,5,1,1,1,1,1,1,1,1,1,1,1,1,1,1,1,1,1,1,1,1,1,1,1,1,1,2,2,1,1,1,1,1,1,1,1,1,1,1,1,1,1,1,1,1,1,5,5,1,1,1,1,1,1,1,1,1,1,5,5</tiles>
        <tiles>5,5,5,5,5,5,5,1,1,1,1,1,1,1,1,1,1,1,1,1,1,1,1,1,1,1,1,1,1,1,1,1,2,2,1,1,1,1,1,1,1,1,1,1,1,1,1,1,1,1,1,1,1,1,1,1,1,1,1,1,1,1,1,1,5,5</tiles>
        <tiles>5,5,5,5,5,5,1,1,1,1,1,1,1,1,1,1,1,1,1,1,1,1,1,1,1,1,1,1,1,1,1,1,2,2,1,1,1,1,1,1,1,1,1,1,1,1,1,1,1,1,1,1,1,1,1,1,1,1,1,1,1,1,1,1,5,5</tiles>
        <tiles>5,5,5,5,5,1,1,1,1,1,1,1,1,1,1,1,1,1,1,1,1,1,1,1,1,1,1,1,1,1,1,1,2,2,1,1,1,1,1,1,1,1,1,1,1,1,1,1,1,1,1,1,1,1,1,1,1,1,1,1,1,1,1,1,5,5</tiles>
        <tiles>5,5,5,5,5,1,1,1,1,1,1,1,1,1,1,1,1,1,1,1,1,1,1,1,1,1,1,1,1,1,1,1,2,2,1,1,1,1,1,1,1,1,1,1,1,1,1,1,1,1,1,1,1,1,1,1,1,1,1,1,1,1,1,1,5,5</tiles>
        <tiles>5,5,5,5,5,1,1,1,1,1,1,1,1,1,1,1,1,1,1,1,1,1,1,1,1,1,1,1,1,1,1,1,2,2,1,1,1,1,1,1,1,1,1,1,1,1,1,1,1,1,1,1,1,1,1,1,1,1,1,1,1,1,1,1,5,5</tiles>
        <tiles>5,5,5,5,1,1,1,1,1,1,1,1,1,1,1,1,1,1,1,1,1,1,1,1,1,1,1,1,1,1,1,1,2,2,1,1,1,1,1,1,1,1,1,1,1,1,1,1,1,1,1,1,1,1,1,1,1,1,1,1,1,1,1,1,5,5</tiles>
        <tiles>5,5,5,5,1,1,1,1,1,1,1,1,1,1,1,1,1,1,1,1,1,1,1,1,1,1,1,1,1,1,1,1,2,2,1,1,1,1,1,1,1,1,1,1,1,1,1,1,1,1,1,1,1,1,1,1,1,1,1,1,1,1,1,1,5,5</tiles>
        <tiles>5,5,5,1,1,1,1,1,1,1,1,1,1,1,1,1,1,1,1,1,1,1,1,1,1,1,1,1,1,1,1,1,2,2,1,1,1,1,1,1,1,1,1,1,1,1,1,1,1,1,1,1,1,1,1,1,1,1,1,1,1,1,1,1,5,5</tiles>
        <tiles>5,5,1,1,1,1,1,1,1,1,1,1,1,1,1,1,1,1,1,1,1,1,1,1,1,1,1,1,1,1,1,1,2,2,1,1,1,1,1,1,1,1,1,1,1,1,1,1,1,1,1,1,1,1,1,1,1,1,1,1,1,1,1,1,5,5</tiles>
        <tiles>5,5,1,1,1,1,1,1,1,1,1,1,1,1,1,1,1,1,1,1,1,1,1,1,1,1,1,1,1,1,1,1,2,2,1,1,1,1,1,1,1,1,1,1,1,1,1,1,1,1,1,1,1,1,1,1,1,1,1,1,1,1,1,1,5,5</tiles>
        <tiles>5,5,5,1,1,1,1,1,1,1,1,1,1,1,1,1,1,1,1,1,1,1,1,1,1,1,1,1,1,1,1,1,2,2,1,1,1,1,1,1,1,1,1,1,1,1,1,1,1,1,1,1,1,1,1,1,1,1,1,1,1,1,1,1,5,5</tiles>
        <tiles>5,5,5,5,1,1,1,1,1,1,1,1,1,1,1,1,1,1,1,1,1,1,1,1,1,1,1,1,1,1,1,1,2,2,1,1,1,1,1,1,1,1,1,1,1,1,1,1,5,5,1,1,1,1,1,1,1,1,1,1,1,1,1,1,5,5</tiles>
        <tiles>5,5,5,5,1,1,1,1,1,1,1,1,1,1,1,1,1,1,1,1,1,1,1,1,1,1,1,1,1,1,1,1,2,2,1,1,1,1,1,1,1,1,1,1,1,1,1,5,5,5,1,1,1,1,1,1,1,1,1,1,1,1,1,1,5,5</tiles>
        <tiles>5,5,5,5,1,1,1,1,1,1,1,1,1,1,1,1,1,1,1,1,1,1,1,1,1,1,1,1,1,1,1,1,2,2,1,1,1,1,1,1,1,1,1,1,1,1,1,5,5,5,5,1,1,1,1,1,1,1,1,1,1,1,1,1,5,5</tiles>
        <tiles>5,5,5,1,1,1,1,1,1,1,1,1,1,1,1,1,1,1,1,1,1,1,1,1,1,1,1,1,1,1,1,1,2,2,1,1,1,1,1,1,1,1,1,1,1,1,1,5,5,5,5,1,1,1,1,1,1,1,1,1,1,1,1,1,5,5</tiles>
        <tiles>5,5,5,1,1,1,1,1,1,1,1,1,1,1,1,1,1,1,1,1,1,1,1,1,1,1,1,1,1,1,1,1,2,2,1,1,1,1,1,1,1,1,1,1,1,1,1,5,5,5,1,1,1,1,1,1,1,1,1,1,1,1,1,1,5,5</tiles>
        <tiles>5,5,1,1,1,1,1,1,1,1,1,1,1,1,1,1,1,1,1,1,1,1,1,1,1,1,1,1,1,1,1,1,2,2,1,1,1,1,1,1,1,1,1,1,1,1,1,1,1,1,1,1,1,1,1,1,1,1,1,1,1,1,5,5,5,5</tiles>
        <tiles>5,5,5,1,1,1,1,1,1,1,1,1,1,1,1,1,1,1,1,1,1,1,1,1,1,1,1,1,1,1,1,1,2,2,1,1,1,1,1,1,1,1,1,1,1,1,1,1,1,1,1,1,1,1,1,1,1,1,1,1,1,5,5,5,5,5</tiles>
        <tiles>5,5,5,5,5,1,1,1,1,1,1,1,1,1,1,5,5,1,1,1,1,1,1,1,1,1,1,1,1,1,1,1,2,2,1,1,1,1,1,1,1,1,1,1,1,1,1,1,1,1,1,1,1,1,1,1,1,1,1,1,5,5,5,5,5,5</tiles>
        <tiles>5,5,5,5,5,1,1,1,1,1,1,1,1,1,5,5,5,5,1,1,1,1,1,1,1,1,1,1,1,1,1,1,2,2,1,1,1,1,1,1,1,1,1,1,1,1,1,1,1,1,1,1,1,1,1,1,1,1,1,5,5,5,5,5,5,5</tiles>
        <tiles>5,5,5,5,5,5,5,1,1,1,1,1,1,5,5,5,5,5,1,1,1,1,5,5,1,1,1,1,1,1,1,1,2,2,1,1,1,1,1,1,1,1,1,1,1,1,1,5,5,5,5,1,1,1,1,1,1,1,5,5,5,5,5,5,5,5</tiles>
        <tiles>5,5,5,5,5,5,5,5,5,1,1,1,5,5,5,5,5,5,5,5,1,1,5,5,5,1,1,1,1,1,1,1,1,1,1,1,5,5,1,1,1,1,1,1,1,1,5,5,5,5,5,5,1,1,1,1,1,5,5,5,5,5,5,5,5,5</tiles>
        <tiles>5,5,5,5,5,5,5,5,5,5,5,5,5,5,5,5,5,5,5,5,5,5,5,5,5,5,5,5,5,5,5,1,1,1,1,5,5,5,5,5,5,5,5,5,5,5,5,5,5,5,5,5,5,5,5,5,5,5,5,5,5,5,5,5,5,5</tiles>
        <tiles>5,5,5,5,5,5,5,5,5,5,5,5,5,5,5,5,5,5,5,5,5,5,5,5,5,5,5,5,5,5,5,1,1,1,1,5,5,5,5,5,5,5,5,5,5,5,5,5,5,5,5,5,5,5,5,5,5,5,5,5,5,5,5,5,5,5</tiles>
    </tile_data>

    <player>
    # This is used when not warping from a prior map
        <player_start_tile>46 31 </player_start_tile>
        <player_start_rotation>1.5708</player_start_rotation>
    </player>

    <portals>
        # These are used when warping from a prior map
        # Portal number, map from database name, and portal, tile location x, y, player face direction
        # 0.0000 - Face south
        # 1.5708 - Face east
        # 3.1416 - Face north
        # 4.7124 - Face west
        <portal>1 cemetery_1_001     0 02 32 4.7124</portal>
        <portal>2 cemetery_1_003     0 62 32 1.5708</portal>
        <portal>3 cemetery_1_005     0 32 02 3.14159</portal>
        <portal>4 cemetery_1_004     0 32 61 0.0000</portal>
    </portals>

    <events>
        # Event number, type, tile x, y, trigger tile x, y, database map name, repeat
        # Type 1: trigger object on tile
        # Type 2: map warp event
        <event>1 2  02 00  00 00  cemetery_1_001  0</event>
        <event>2 2  01 00  00 00  cemetery_1_003  0</event>
        <event>3 2  02 00  00 00  cemetery_1_005  0</event>
        <event>4 2  01 00  00 00  cemetery_1_004  0</event>
    </events>

    <rooms>
        # roomTypeNone         =  0, // None / empty
        # roomTypeCell         =  1, // Prison Cell
        # roomTypeSecret       =  2, // Secret room
        # roomTypeStairwell    =  3, // Stairwell
        # roomTypeStore        =  4, // Store
        # roomTypeBlacksmith   =  5, // Blacksmith
        # roomTypeCanteen      =  6, // Canteen
        # roomTypeStorage      =  7, // Storage room
        # roomTypeLibrary      =  8, // Library
        # roomTypeAlchemyLab   =  9, // Alchemy Lab
        # roomTypeLaboratory   = 10, // Laboratory
        # roomTypeTorture      = 11  // Torture Chamber
        #Tile x, y, (any within the room), type, ignore room number (use for the interconnecting route, -1 for none)
    </rooms>

    <npc_mobs>
        # database name, number, scale min, scale max, prevalence
        <npc_mob>skeleton_1 0 0.75 1.0 64</npc_mob>
    </npc_mobs>

    <debris_objects>
        # database name, scale min, scale max, prevalence
        <debris>rock_small      0.75 1.0 020</debris>
        <debris>dead_tree       0.50 1.0 010</debris>
        <debris>bone            0.75 1.0 040</debris>
        <#debris>gib             0.75 1.0 042</debris>
        <debris>grass_1         0.75 1.0 128</debris>
        <debris>mushroom_green  0.75 1.0 066</debris>
        <#debris>tombstone       0.75 1.0 32</debris>
    </debris_objects>

    <npcs>
        # database name, number, tile x, y, scale x, y, z, rotation x, y, z
    </npcs>

    <objects>
        # database name, number, tile x, y, scale x, y, z, rotation x, y, z, trigger tile x, y, trigger event number

        # Portal left
        <object>portal_cave_right  1  000 031  0.0000 0.0000 0.0000  0.0000 1.5708 0.0000 000 000 1</object>
        <object>portal_cave_center 1  000 032  0.0000 0.0000 0.0000  0.0000 1.5708 0.0000 000 000 1</object>
        <object>portal_cave_center 1  000 033  0.0000 0.0000 0.0000  0.0000 1.5708 0.0000 000 000 1</object>
        <object>portal_cave_left   1  000 034  0.0000 0.0000 0.0000  0.0000 1.5708 0.0000 000 000 1</object>

        # Portal right
        <object>portal_cave_right  1  065 031  0.0000 0.0000 0.0000  0.0000 1.5708 0.0000 000 000 2</object>
        <object>portal_cave_center 1  065 032  0.0000 0.0000 0.0000  0.0000 1.5708 0.0000 000 000 2</object>
        <object>portal_cave_center 1  065 033  0.0000 0.0000 0.0000  0.0000 1.5708 0.0000 000 000 2</object>
        <object>portal_cave_left   1  065 034  0.0000 0.0000 0.0000  0.0000 1.5708 0.0000 000 000 2</object>

        # Portal top
        <object>portal_cave_right  1  031 000  0.0000 0.0000 0.0000  0.0000 3.1416 0.0000 000 000 3</object>
        <object>portal_cave_center 1  032 000  0.0000 0.0000 0.0000  0.0000 3.1416 0.0000 000 000 3</object>
        <object>portal_cave_center 1  033 000  0.0000 0.0000 0.0000  0.0000 3.1416 0.0000 000 000 3</object>
        <object>portal_cave_left   1  034 000  0.0000 0.0000 0.0000  0.0000 3.1416 0.0000 000 000 3</object>

        # Portal bottom
        <object>portal_cave_right  1  031 065  0.0000 0.0000 0.0000  0.0000 3.1416 0.0000 000 000 4</object>
        <object>portal_cave_center 1  032 065  0.0000 0.0000 0.0000  0.0000 3.1416 0.0000 000 000 4</object>
        <object>portal_cave_center 1  033 065  0.0000 0.0000 0.0000  0.0000 3.1416 0.0000 000 000 4</object>
        <object>portal_cave_left   1  034 065  0.0000 0.0000 0.0000  0.0000 3.1416 0.0000 000 000 4</object>


        # Central pillars
        <object>cemetery_object 3 29 29 0.0000  0.0000  0.0000  0.0000 0 0.0000 0 0 0</object>
        <object>cemetery_object 3 37 29 0.0000  0.0000  0.0000  0.0000 0 0.0000 0 0 0</object>
        <object>cemetery_object 3 29 37 0.0000  0.0000  0.0000  0.0000 0 0.0000 0 0 0</object>
        <object>cemetery_object 3 37 37 0.0000  0.0000  0.0000  0.0000 0 0.0000 0 0 0</object>

        <#object>mausoleum       1 33 11 0.0000  0.0000  0.0000  0.0000 3.1416 0.0000 0 0 3</object>
        <#object>coffin          3 39 26 0.0000  0.0000  0.0000  0.0000 0.0000 0.0000 0 0 0</object>
        <#object>cemetery_object 8 33 29 0.0000  0.0000  0.0000  0.0000 1.5708 0.0000 0 0 0</object> # Gate

        # Mort safe        
        <object>cemetery_object 9 61 51 0.0000  0.0000  0.0000  0.0000 1.5708 0.0000 0 0 0</object>

        # Cemetery areas - top
        <object>cemetery_object 7 51 12 0.0000  0.0000  0.0000  0.0000 1.5708 0.0000 0 0 0</object>
        <object>fence_metal     2 56 10 0.0000  0.0000  0.0000  0.0000 3.1416 0.0000 0 0 0</object>
        <object>fence_metal     2 50 10 0.0000  0.0000  0.0000  0.0000 4.7124 0.0000 0 0 0</object>
        <object>fence_metal     1 52 10 0.0000  0.0000  0.0000  0.0000 1.5708 0.0000 0 0 0</object>
        <object>fence_metal     1 54 10 0.0000  0.0000  0.0000  0.0000 4.7124 0.0000 0 0 0</object>
        <object>fence_metal     1 56 12 0.0000  0.0000  0.0000  0.0000 0.0000 0.0000 0 0 0</object>
        <object>fence_metal     1 56 15 0.0000  0.0000  0.0000  0.0000 0.0000 0.0000 0 0 0</object>
        <object>fence_metal     1 56 18 0.0000  0.0000  0.0000  0.0000 0.0000 0.0000 0 0 0</object>
        <object>fence_metal     2 56 20 0.0000  0.0000  0.0000  0.0000 1.5708 0.0000 0 0 0</object>
        <object>fence_metal     5 55 20 0.0000  0.0000  0.0000  0.0000 4.7124 0.0000 0 0 0</object>
        <object>fence_metal     1 50 12 0.0000  0.0000  0.0000  0.0000 0.0000 0.0000 0 0 0</object>
        <object>fence_metal     1 50 15 0.0000  0.0000  0.0000  0.0000 0.0000 0.0000 0 0 0</object>
        <object>fence_metal     1 50 18 0.0000  0.0000  0.0000  0.0000 0.0000 0.0000 0 0 0</object>
        <object>fence_metal     2 50 20 0.0000  0.0000  0.0000  0.0000 0.0000 0.0000 0 0 0</object>
        <object>fence_metal     5 51 20 0.0000  0.0000  0.0000  0.0000 1.5708 0.0000 0 0 0</object>

        <object>cemetery_object 7 41 12 0.0000  0.0000  0.0000  0.0000 1.5708 0.0000 0 0 0</object>
        <object>fence_metal     2 46 10 0.0000  0.0000  0.0000  0.0000 3.1416 0.0000 0 0 0</object>
        <object>fence_metal     2 40 10 0.0000  0.0000  0.0000  0.0000 4.7124 0.0000 0 0 0</object>
        <object>fence_metal     1 42 10 0.0000  0.0000  0.0000  0.0000 1.5708 0.0000 0 0 0</object>
        <object>fence_metal     1 44 10 0.0000  0.0000  0.0000  0.0000 4.7124 0.0000 0 0 0</object>
        <object>fence_metal     1 46 12 0.0000  0.0000  0.0000  0.0000 0.0000 0.0000 0 0 0</object>
        <object>fence_metal     1 46 15 0.0000  0.0000  0.0000  0.0000 0.0000 0.0000 0 0 0</object>
        <object>fence_metal     1 46 18 0.0000  0.0000  0.0000  0.0000 0.0000 0.0000 0 0 0</object>
        <object>fence_metal     2 46 20 0.0000  0.0000  0.0000  0.0000 1.5708 0.0000 0 0 0</object>
        <object>fence_metal     5 45 20 0.0000  0.0000  0.0000  0.0000 4.7124 0.0000 0 0 0</object>
        <object>fence_metal     1 40 12 0.0000  0.0000  0.0000  0.0000 0.0000 0.0000 0 0 0</object>
        <object>fence_metal     1 40 15 0.0000  0.0000  0.0000  0.0000 0.0000 0.0000 0 0 0</object>
        <object>fence_metal     1 40 18 0.0000  0.0000  0.0000  0.0000 0.0000 0.0000 0 0 0</object>
        <object>fence_metal     2 40 20 0.0000  0.0000  0.0000  0.0000 0.0000 0.0000 0 0 0</object>
        <object>fence_metal     5 41 20 0.0000  0.0000  0.0000  0.0000 1.5708 0.0000 0 0 0</object>

        <object>cemetery_object 7 21 12 0.0000  0.0000  0.0000  0.0000 1.5708 0.0000 0 0 0</object>
        <object>fence_metal     2 26 10 0.0000  0.0000  0.0000  0.0000 3.1416 0.0000 0 0 0</object>
        <object>fence_metal     2 20 10 0.0000  0.0000  0.0000  0.0000 4.7124 0.0000 0 0 0</object>
        <object>fence_metal     1 22 10 0.0000  0.0000  0.0000  0.0000 1.5708 0.0000 0 0 0</object>
        <object>fence_metal     1 24 10 0.0000  0.0000  0.0000  0.0000 4.7124 0.0000 0 0 0</object>
        <object>fence_metal     1 26 12 0.0000  0.0000  0.0000  0.0000 0.0000 0.0000 0 0 0</object>
        <object>fence_metal     1 26 15 0.0000  0.0000  0.0000  0.0000 0.0000 0.0000 0 0 0</object>
        <object>fence_metal     1 26 18 0.0000  0.0000  0.0000  0.0000 0.0000 0.0000 0 0 0</object>
        <object>fence_metal     2 26 20 0.0000  0.0000  0.0000  0.0000 1.5708 0.0000 0 0 0</object>
        <object>fence_metal     5 25 20 0.0000  0.0000  0.0000  0.0000 4.7124 0.0000 0 0 0</object>
        <object>fence_metal     1 20 12 0.0000  0.0000  0.0000  0.0000 0.0000 0.0000 0 0 0</object>
        <object>fence_metal     1 20 15 0.0000  0.0000  0.0000  0.0000 0.0000 0.0000 0 0 0</object>
        <object>fence_metal     1 20 18 0.0000  0.0000  0.0000  0.0000 0.0000 0.0000 0 0 0</object>
        <object>fence_metal     2 20 20 0.0000  0.0000  0.0000  0.0000 0.0000 0.0000 0 0 0</object>
        <object>fence_metal     5 21 20 0.0000  0.0000  0.0000  0.0000 1.5708 0.0000 0 0 0</object>

        <object>cemetery_object 7 11 12 0.0000  0.0000  0.0000  0.0000 1.5708 0.0000 0 0 0</object>
        <object>fence_metal     2 16 10 0.0000  0.0000  0.0000  0.0000 3.1416 0.0000 0 0 0</object>
        <object>fence_metal     2 10 10 0.0000  0.0000  0.0000  0.0000 4.7124 0.0000 0 0 0</object>
        <object>fence_metal     1 12 10 0.0000  0.0000  0.0000  0.0000 1.5708 0.0000 0 0 0</object>
        <object>fence_metal     1 14 10 0.0000  0.0000  0.0000  0.0000 4.7124 0.0000 0 0 0</object>
        <object>fence_metal     1 16 12 0.0000  0.0000  0.0000  0.0000 0.0000 0.0000 0 0 0</object>
        <object>fence_metal     1 16 15 0.0000  0.0000  0.0000  0.0000 0.0000 0.0000 0 0 0</object>
        <object>fence_metal     1 16 18 0.0000  0.0000  0.0000  0.0000 0.0000 0.0000 0 0 0</object>
        <object>fence_metal     2 16 20 0.0000  0.0000  0.0000  0.0000 1.5708 0.0000 0 0 0</object>
        <object>fence_metal     5 15 20 0.0000  0.0000  0.0000  0.0000 4.7124 0.0000 0 0 0</object>
        <object>fence_metal     1 10 12 0.0000  0.0000  0.0000  0.0000 0.0000 0.0000 0 0 0</object>
        <object>fence_metal     1 10 15 0.0000  0.0000  0.0000  0.0000 0.0000 0.0000 0 0 0</object>
        <object>fence_metal     1 10 18 0.0000  0.0000  0.0000  0.0000 0.0000 0.0000 0 0 0</object>
        <object>fence_metal     2 10 20 0.0000  0.0000  0.0000  0.0000 0.0000 0.0000 0 0 0</object>
        <object>fence_metal     5 11 20 0.0000  0.0000  0.0000  0.0000 1.5708 0.0000 0 0 0</object>

        # Cemetery areas - bottom
        <object>cemetery_object 7 51 54 0.0000  0.0000  0.0000  0.0000 4.7124 0.0000 0 0 0</object>
        <object>fence_metal     2 56 56 0.0000  0.0000  0.0000  0.0000 1.5708 0.0000 0 0 0</object>
        <object>fence_metal     2 50 56 0.0000  0.0000  0.0000  0.0000 0.0000 0.0000 0 0 0</object>
        <object>fence_metal     1 52 56 0.0000  0.0000  0.0000  0.0000 4.7124 0.0000 0 0 0</object>
        <object>fence_metal     1 54 56 0.0000  0.0000  0.0000  0.0000 1.5708 0.0000 0 0 0</object>
        <object>fence_metal     1 56 54 0.0000  0.0000  0.0000  0.0000 3.1416 0.0000 0 0 0</object>
        <object>fence_metal     1 56 51 0.0000  0.0000  0.0000  0.0000 3.1416 0.0000 0 0 0</object>
        <object>fence_metal     1 56 48 0.0000  0.0000  0.0000  0.0000 3.1416 0.0000 0 0 0</object>
        <object>fence_metal     2 56 46 0.0000  0.0000  0.0000  0.0000 3.1416 0.0000 0 0 0</object>
        <object>fence_metal     5 55 46 0.0000  0.0000  0.0000  0.0000 4.7124 0.0000 0 0 0</object>
        <object>fence_metal     1 50 54 0.0000  0.0000  0.0000  0.0000 3.1416 0.0000 0 0 0</object>
        <object>fence_metal     1 50 51 0.0000  0.0000  0.0000  0.0000 3.1416 0.0000 0 0 0</object>
        <object>fence_metal     1 50 48 0.0000  0.0000  0.0000  0.0000 3.1416 0.0000 0 0 0</object>
        <object>fence_metal     2 50 46 0.0000  0.0000  0.0000  0.0000 4.7124 0.0000 0 0 0</object>
        <object>fence_metal     5 51 46 0.0000  0.0000  0.0000  0.0000 1.5708 0.0000 0 0 0</object>

        <object>cemetery_object 7 41 54 0.0000  0.0000  0.0000  0.0000 4.7124 0.0000 0 0 0</object>
        <object>fence_metal     2 46 56 0.0000  0.0000  0.0000  0.0000 1.5708 0.0000 0 0 0</object>
        <object>fence_metal     2 40 56 0.0000  0.0000  0.0000  0.0000 0.0000 0.0000 0 0 0</object>
        <object>fence_metal     1 42 56 0.0000  0.0000  0.0000  0.0000 4.7124 0.0000 0 0 0</object>
        <object>fence_metal     1 44 56 0.0000  0.0000  0.0000  0.0000 1.5708 0.0000 0 0 0</object>
        <object>fence_metal     1 46 54 0.0000  0.0000  0.0000  0.0000 3.1416 0.0000 0 0 0</object>
        <object>fence_metal     1 46 51 0.0000  0.0000  0.0000  0.0000 3.1416 0.0000 0 0 0</object>
        <object>fence_metal     1 46 48 0.0000  0.0000  0.0000  0.0000 3.1416 0.0000 0 0 0</object>
        <object>fence_metal     2 46 46 0.0000  0.0000  0.0000  0.0000 3.1416 0.0000 0 0 0</object>
        <object>fence_metal     5 45 46 0.0000  0.0000  0.0000  0.0000 4.7124 0.0000 0 0 0</object>
        <object>fence_metal     1 40 54 0.0000  0.0000  0.0000  0.0000 3.1416 0.0000 0 0 0</object>
        <object>fence_metal     1 40 51 0.0000  0.0000  0.0000  0.0000 3.1416 0.0000 0 0 0</object>
        <object>fence_metal     1 40 48 0.0000  0.0000  0.0000  0.0000 3.1416 0.0000 0 0 0</object>
        <object>fence_metal     2 40 46 0.0000  0.0000  0.0000  0.0000 4.7124 0.0000 0 0 0</object>
        <object>fence_metal     5 41 46 0.0000  0.0000  0.0000  0.0000 1.5708 0.0000 0 0 0</object>

        <object>cemetery_object 7 21 54 0.0000  0.0000  0.0000  0.0000 4.7124 0.0000 0 0 0</object>
        <object>fence_metal     2 26 56 0.0000  0.0000  0.0000  0.0000 1.5708 0.0000 0 0 0</object>
        <object>fence_metal     2 20 56 0.0000  0.0000  0.0000  0.0000 0.0000 0.0000 0 0 0</object>
        <object>fence_metal     1 22 56 0.0000  0.0000  0.0000  0.0000 4.7124 0.0000 0 0 0</object>
        <object>fence_metal     1 24 56 0.0000  0.0000  0.0000  0.0000 1.5708 0.0000 0 0 0</object>
        <object>fence_metal     1 26 54 0.0000  0.0000  0.0000  0.0000 3.1416 0.0000 0 0 0</object>
        <object>fence_metal     1 26 51 0.0000  0.0000  0.0000  0.0000 3.1416 0.0000 0 0 0</object>
        <object>fence_metal     1 26 48 0.0000  0.0000  0.0000  0.0000 3.1416 0.0000 0 0 0</object>
        <object>fence_metal     2 26 46 0.0000  0.0000  0.0000  0.0000 3.1416 0.0000 0 0 0</object>
        <object>fence_metal     5 25 46 0.0000  0.0000  0.0000  0.0000 4.7124 0.0000 0 0 0</object>
        <object>fence_metal     1 20 54 0.0000  0.0000  0.0000  0.0000 3.1416 0.0000 0 0 0</object>
        <object>fence_metal     1 20 51 0.0000  0.0000  0.0000  0.0000 3.1416 0.0000 0 0 0</object>
        <object>fence_metal     1 20 48 0.0000  0.0000  0.0000  0.0000 3.1416 0.0000 0 0 0</object>
        <object>fence_metal     2 20 46 0.0000  0.0000  0.0000  0.0000 4.7124 0.0000 0 0 0</object>
        <object>fence_metal     5 21 46 0.0000  0.0000  0.0000  0.0000 1.5708 0.0000 0 0 0</object>

        <object>cemetery_object 7 11 54 0.0000  0.0000  0.0000  0.0000 4.7124 0.0000 0 0 0</object>
        <object>fence_metal     2 16 56 0.0000  0.0000  0.0000  0.0000 1.5708 0.0000 0 0 0</object>
        <object>fence_metal     2 10 56 0.0000  0.0000  0.0000  0.0000 0.0000 0.0000 0 0 0</object>
        <object>fence_metal     1 12 56 0.0000  0.0000  0.0000  0.0000 4.7124 0.0000 0 0 0</object>
        <object>fence_metal     1 14 56 0.0000  0.0000  0.0000  0.0000 1.5708 0.0000 0 0 0</object>
        <object>fence_metal     1 16 54 0.0000  0.0000  0.0000  0.0000 3.1416 0.0000 0 0 0</object>
        <object>fence_metal     1 16 51 0.0000  0.0000  0.0000  0.0000 3.1416 0.0000 0 0 0</object>
        <object>fence_metal     1 16 48 0.0000  0.0000  0.0000  0.0000 3.1416 0.0000 0 0 0</object>
        <object>fence_metal     2 16 46 0.0000  0.0000  0.0000  0.0000 3.1416 0.0000 0 0 0</object>
        <object>fence_metal     5 15 46 0.0000  0.0000  0.0000  0.0000 4.7124 0.0000 0 0 0</object>
        <object>fence_metal     1 10 54 0.0000  0.0000  0.0000  0.0000 3.1416 0.0000 0 0 0</object>
        <object>fence_metal     1 10 51 0.0000  0.0000  0.0000  0.0000 3.1416 0.0000 0 0 0</object>
        <object>fence_metal     1 10 48 0.0000  0.0000  0.0000  0.0000 3.1416 0.0000 0 0 0</object>
        <object>fence_metal     2 10 46 0.0000  0.0000  0.0000  0.0000 4.7124 0.0000 0 0 0</object>
        <object>fence_metal     5 11 46 0.0000  0.0000  0.0000  0.0000 1.5708 0.0000 0 0 0</object>

    </objects>

</map>
