<?xml version = "1.0" encoding = "UTF-8" ?>
<map>
    <information>
        <map_name>dungeon_2_002</map_name>
        <map_biome>dungeon_2</map_biome>
        <map_tiles_x>40</map_tiles_x>
        <map_tiles_y>40</map_tiles_y>
        <map_seed>0</map_seed>
        <map_music_name>test</map_music_name>
        <map_music_number>0</map_music_number>
        <world_orientation>0 0 1</world_orientation>
    </information>

    <tile_data>
        # tileNone           =  0,  // None
        # tileFloor          =  1,  // Floor tile
        # tilePath           =  2,  // Path tile
        # tileFloorNoGo      =  3,  // Floor no go tile
        # tilePathNoGo       =  4,  // Path no go tile
        # tileWallTall       =  5,  // Wall tall tile
        # tileWallTallHole   =  6,  // Wall tall tile - hole
        # tileWallShort      =  7,  // Wall short tile
        # tileDoorWay        =  8,  // DoorWay tile
        # tileDoorwayNoGo    =  9   // Doorway no go tile
        <tiles>3457860176,32733,3457860176,32733,4019552320,22044,4019552320,22044,824193312,824193312,824193312,840970528,824193312,824193312,824193312,824193312,840970528,824193312,824193312,824193312,824193312,840970528,824193312,824193312,824193312,824193568,824193312,840970528,824193312,824193312,824193312,824193568,824193312,824193312,824193312,824193312,824193568,824193312,824193312,824193312</tiles>
        <tiles>824193312,824193568,824193312,824193312,824193312,824193312,824193568,824193312,824193312,824193312,824193312,792474144,1701603700,15987,60,0,2,2,4019552584,22044,14,0,6401,0,3457858528,32733,4019534688,22044,0,0,0,0,824193312,824193312,824193312,840970528,824193312,824193312,824193312,824193312</tiles>
        <tiles>840970528,824193312,824193312,824193312,824193312,840970528,824193312,824193312,824193312,824193312,824193312,824193312,824193312,824193312,824193312,824193568,824193312,824193312,824193312,824193312,824193568,824193312,824193312,824193312,824193312,824193568,824193312,824193312,824193312,824193312,824193568,824193312,824193312,824193312,824193312,792474144,1701603700,15987,240,0</tiles>
        <tiles>2,2,4019524912,22044,214,0,6145,0,3457858528,32733,3457858528,32733,0,0,0,0,824193312,824193312,824193312,840970528,824193312,824193312,824193312,824193312,840970528,824193312,824193312,824193312,824193312,840970528,824193312,824193312,824193312,824193312,824193312,824193312,824193312,824193312,824193312,824193568</tiles>
        <tiles>824193312,824193312,824193312,824193312,824193568,824193312,824193312,824193312,824193312,824193568,824193312,824193312,824193312,824193312,824193568,824193312,824193312,824193312,824193312,792474144,1701603700,15987,240,0,1,1,4019540944,22044,214,0,5889,0,3457858528,32733,3457858528,32733,0,0,0,0</tiles>
        <tiles>824193312,824193312,824193312,840970528,824193312,824193312,824193312,824193312,840970528,824193312,824193312,824193312,824193312,840970528,824193312,824193312,824193312,824193312,824193312,824193312,824193312,824193312,824193312,824193568,824193312,824193312,824193312,824193312,824193568,824193312,824193312,824193312,824193312,824193568,824193312,824193312,824193312,824193312,824193568,824193312</tiles>
        <tiles>824193312,824193312,824193312,792474144,1701603700,15987,240,0,1,1,4019535984,22044,214,0,5633,0,3457858528,32733,3457858528,32733,0,0,0,0,824193312,824193312,824193312,840970528,824193312,824193312,824193312,824193312,840970528,824193312,824193312,824193312,824193312,840970528,824193312,824193312</tiles>
        <tiles>824193312,824193312,824193312,824193312,824193312,824193312,824193312,824193568,824193312,824193312,824193312,824193312,824193568,824193312,824193312,824193312,824193312,824193568,824193312,824193312,824193312,824193312,824193568,824193312,824193312,824193312,824193312,792474144,1701603700,15987,240,0,1,1,4019530624,22044,214,0,5377,0</tiles>
        <tiles>3457858528,32733,3457858528,32733,0,0,0,0,824193312,824193312,824193312,840970528,824193312,824193312,824193312,824193312,840970528,824193312,824193312,824193312,824193312,840970528,824193312,824193312,824193312,824193312,824193312,824193312,824193312,824193312,824193312,824193568,824193312,824193312,824193312,824193312,824193568,824193312,824193312,824193312</tiles>
        <tiles>824193312,824193568,824193312,824193312,824193312,824193312,824193568,824193312,824193312,824193312,824193312,792474144,1701603700,15987,240,0,1,2,4019532672,22044,214,0,5121,0,3457858528,32733,3457858528,32733,0,0,0,0,824193312,824193312,824193312,840970528,824193312,824193312,824193312,824193312</tiles>
        <tiles>840970528,824193312,824193312,824193312,824193312,840970528,824193312,824193312,824193312,824193312,824193312,824193312,824193312,824193312,824193312,824193568,824193312,824193312,824193312,824193312,824193568,824193312,824193312,824193312,824193312,824193568,824193312,824193312,824193312,824193312,824193568,824193312,824193312,824193312,824193312,792474144,1701603700,15987,240,0</tiles>
        <tiles>2,2,4019560512,22044,214,0,4865,0,3457858528,32733,3457858528,32733,0,0,0,0,840970784,840970784,840970784,840970784,840970784,840970784,840970784,840970784,840970784,840970784,840970784,840970784,840970784,840970784,824193312,824193312,824193312,824193312,824193312,824193312,824193312,824193312,824193312,840970784</tiles>
        <tiles>840970784,840970784,840970784,840970784,840970784,840970784,840970784,840970784,840970784,840970784,840970784,840970784,840970784,840970784,824193568,824193312,824193312,824193312,824193312,792474144,1701603700,15987,240,0,1,1,4019562560,22044,214,0,4609,0,3457858528,32733,3457858528,32733,0,0,0,0</tiles>
        <tiles>824193312,824193312,824193312,840970528,824193312,824193312,824193312,824193312,840970528,824193312,824193312,824193312,824193312,840970528,824193312,824193312,824193312,824193312,824193312,824193312,824193312,824193312,824193312,824193568,824193312,824193312,824193312,824193312,824193568,824193312,824193312,824193312,824193312,824193568,824193312,824193312,824193312,824193312,824193568,824193312</tiles>
        <tiles>824193312,824193312,824193312,792474144,1701603700,15987,240,0,1,1,4019522544,22044,214,0,4353,0,3457858528,32733,3457858528,32733,0,0,0,0,824193312,824193312,824193312,840970528,824193312,824193312,824193312,824193312,840970528,824193312,824193312,824193312,824193312,840970528,824193312,824193312</tiles>
        <tiles>824193312,824193312,824193312,824193312,824193312,824193312,824193312,824193568,824193312,824193312,824193312,824193312,824193568,824193312,824193312,824193312,824193312,824193568,824193312,824193312,824193312,824193312,824193568,824193312,824193312,824193312,824193312,792474144,1701603700,15987,240,0,1,1,4019524592,22044,214,0,4097,0</tiles>
        <tiles>3457858528,32733,3457858528,32733,0,0,0,0,824193312,824193312,824193312,840970528,824193312,824193312,824193312,824193312,840970528,824193312,824193312,824193312,824193312,840970528,824193312,824193312,824193312,824193312,824193312,824193312,824193312,824193312,824193312,824193568,824193312,824193312,824193312,824193312,824193568,824193312,824193312,824193312</tiles>
        <tiles>824193312,824193568,824193312,824193312,824193312,824193312,824193568,824193312,824193312,824193312,824193312,792474144,1701603700,15987,240,0,1,1,4019526960,22044,214,0,3841,0,3457858528,32733,3457858528,32733,0,0,0,0,824193312,824193312,824193312,840970528,824193312,824193312,824193312,824193312</tiles>
        <tiles>840970528,824193312,824193312,824193312,824193312,840970528,824193312,824193312,824193312,824193312,824193312,824193312,824193312,824193312,824193312,824193568,824193312,824193312,824193312,824193312,824193568,824193312,824193312,824193312,824193312,824193568,824193312,824193312,824193312,824193312,824193568,824193312,824193312,824193312,824193312,792474144,1701603700,15987,240,0</tiles>
        <tiles>2,1,4019546464,22044,214,0,3585,0,3457858528,32733,3457858528,32733,0,0,0,0,824193312,824193312,824193312,840970528,824193312,824193312,824193312,824193312,840970528,824193312,824193312,824193312,824193312,840970528,824193312,824193312,824193312,824193312,824193312,824193312,824193312,824193312,824193312,824193568</tiles>
        <tiles>824193312,824193312,824193312,824193312,824193568,824193312,824193312,824193312,824193312,824193568,824193312,824193312,824193312,824193312,824193568,824193312,824193312,824193312,824193312,792474144,1701603700,15987,240,0,2,2,4019548512,22044,214,0,3329,0,3457858528,32733,3457858528,32733,0,0,0,0</tiles>
        <tiles>824193312,824193312,824193312,840970528,824193312,824193312,824193312,824193312,840970528,824193312,824193312,824193312,824193312,840970528,824193312,824193312,824193312,824193312,824193312,824193312,824193312,824193312,824193312,824193568,824193312,824193312,824193312,824193312,824193568,824193312,824193312,824193312,824193312,824193568,824193312,824193312,824193312,824193312,824193568,824193312</tiles>
        <tiles>824193312,824193312,824193312,792474144,1701603700,15987,1701147452,1009794660,1701147439,15972,4019545680,22044,24,0,3073,0,3457858528,32733,3457858528,32733,0,0,0,0,824193312,824193312,824193312,840970528,824193312,824193312,824193312,824193312,840970528,824193312,824193312,824193312,824193312,840970528,824193312,824193312</tiles>
        <tiles>824193312,824193312,824193312,824193312,824193312,824193312,824193312,824193568,824193312,824193312,824193312,824193312,824193568,824193312,824193312,824193312,824193312,824193568,824193312,824193312,824193312,824193312,824193568,824193312,824193312,824193312,824193312,792474144,1701603700,15987,60,0,1,1,4019540384,22044,53,0,2817,0</tiles>
        <tiles>3457858528,32733,3457858528,32733,0,0,0,0,824193312,824193312,824193312,840970528,824193312,824193312,824193312,824193312,840970528,824193312,824193312,824193312,824193312,840970528,824193312,824193312,824193312,824193312,824193312,824193312,824193312,824193312,824193312,824193568,824193312,824193312,824193312,824193312,824193568,824193312,824193312,824193312</tiles>
        <tiles>824193312,824193568,824193312,824193312,824193312,824193312,824193568,824193312,824193312,824193312,824193312,792474144,1701603700,15987,0,2,2,2,4019556424,22044,0,0,2561,0,3457858528,32733,3457858528,32733,0,0,0,0,824193312,824193312,824193312,840970528,824193312,824193312,824193312,824193312</tiles>
        <tiles>840970528,824193312,824193312,824193312,824193312,840970528,824193312,824193312,824193312,824193312,824193312,824193312,824193312,824193312,824193312,824193568,824193312,824193312,824193312,824193312,824193568,824193312,824193312,824193312,824193312,824193568,824193312,824193312,824193312,824193312,824193568,824193312,824193312,824193312,824193312,792474144,1701603700,15987,0,0</tiles>
        <tiles>1,1,4019556680,22044,10,0,2305,0,3457858528,32733,3457858528,32733,0,0,0,0,857748000,857748256,840970784,840970784,840970784,857748000,857748256,840970784,840970784,840970784,857748000,857748256,840970784,840970784,824193312,824193312,824193312,824193312,824193312,824193312,824193312,824193312,824193312,840970784</tiles>
        <tiles>840970784,857748256,840971040,840970784,840970784,840970784,857748256,840971040,840970784,840970784,840970784,857748256,840971040,840970784,824193568,824193312,824193312,824193312,824193312,792474144,1701603700,15987,30,0,1,1,4019550144,22044,29,0,2049,0,3457858528,32733,3457858528,32733,0,0,0,0</tiles>
        <tiles>824193312,824193312,824193312,824193312,824193312,824193312,824193312,824193312,824193312,824193312,824193312,824193312,824193312,824193312,824193312,824193312,824193312,824193312,824193312,824193312,824193312,824193312,824193312,824193312,824193312,824193312,824193312,824193312,824193312,824193312,824193312,824193312,824193312,824193312,824193312,824193312,824193312,824193312,824193312,824193312</tiles>
        <tiles>824193312,824193312,824193312,792474144,1701603700,15987,30,0,1,1,4019550432,22044,28,0,1793,0,3457858528,32733,3457858528,32733,0,0,0,0,824193312,824193312,824193312,824193312,824193312,824193312,824193312,824193312,824193312,824193312,824193312,824193312,824193312,824193312,824193312,824193312</tiles>
        <tiles>824193312,824193312,824193312,824193312,824193312,824193312,824193312,824193312,824193312,824193312,824193312,824193312,824193312,824193312,824193312,824193312,824193312,824193312,824193312,824193312,824193312,824193312,824193312,824193312,824193312,824193312,824193312,792474144,1701603700,15987,30,0,1,1,4019550624,22044,30,0,1537,0</tiles>
        <tiles>3457858528,32733,3457858528,32733,0,0,0,0,824193312,824193312,824193312,824193312,824193312,824193312,824193312,824193312,824193312,824193312,824193312,824193312,824193312,824193312,824193312,824193312,824193312,824193312,824193312,824193312,824193312,824193312,824193312,824193312,824193312,824193312,824193312,824193312,824193312,824193312,824193312,824193312</tiles>
        <tiles>824193312,824193312,824193312,824193312,824193312,824193312,824193312,824193312,824193312,824193312,824193312,792474144,1701603700,15987,0,0,1,1,4019557704,22044,0,0,1281,0,3457858528,32733,3457858528,32733,0,0,0,0,824193312,824193312,824193312,824193312,824193312,824193312,824193312,824193312</tiles>
        <tiles>824193312,824193312,824193312,824193312,824193312,824193312,824193312,824193312,824193312,824193312,824193312,824193312,824193312,824193312,824193312,824193312,824193312,824193312,824193312,824193312,824193312,824193312,824193312,824193312,824193312,824193312,824193312,824193312,824193312,824193312,824193312,824193312,824193312,824193312,824193312,792474144,1701603700,15987,0,0</tiles>
        <tiles>1,1,4019557960,22044,4,0,1025,0,3457858528,32733,3457858528,32733,0,0,0,0,857748000,857748256,840970784,840970784,840970784,857748000,857748256,840970784,840970784,840970784,857748000,857748256,840970784,840970784,824193312,824193312,824193312,824193312,824193312,824193312,824193312,824193312,824193312,840970784</tiles>
        <tiles>840970784,857748256,840971040,840970784,840970784,840970784,857748256,840971040,840970784,840970784,840970784,857748256,840971040,840970784,824193568,824193312,824193312,824193312,824193312,792474144,1701603700,15987,60,0,1,1,4019538800,22044,40,0,769,0,3457858528,32733,3457858528,32733,824193312,824193312,840970528,824193312</tiles>
        <tiles>824193312,824193312,824193312,840970528,824193312,824193312,824193312,824193312,840970528,824193312,824193312,824193312,824193312,840970528,824193312,824193312,824193312,824193312,824193312,824193312,824193312,824193312,824193312,824193568,824193312,824193312,824193312,824193312,824193568,824193312,824193312,824193312,824193312,824193568,824193312,824193312,824193312,824193312,824193568,824193312</tiles>
        <tiles>824193312,824193312,824193312,792474144,1701603700,15987,60,0,1,1,4019550800,22044,17,0,513,0,3457858528,32733,3457858528,32733,824193312,824193312,840970528,824193312,824193312,824193312,824193312,840970528,824193312,824193312,824193312,824193312,840970528,824193312,824193312,824193312,824193312,840970528,824193312,824193312</tiles>
        <tiles>824193312,824193312,824193312,824193312,824193312,824193312,824193312,824193568,824193312,824193312,824193312,824193312,824193568,824193312,824193312,824193312,824193312,824193568,824193312,824193312,824193312,824193312,824193568,824193312,824193312,824193312,824193312,792474144,1701603700,15987,60,0,1,1,4019541712,22044,45,0,257,0</tiles>
    </tile_data>

    <player>
    # This is used when not warping from a prior map
        <player_start_tile>2 21 </player_start_tile>
        <player_start_rotation>1.5708</player_start_rotation>
    </player>

    <portals>
        # These are used when warping from a prior map
        # Portal number, map from database name, and portal, tile location x, y, player face direction
        # 0.0000 - Face south
        # 1.5708 - Face east
        # 3.1416 - Face north
        # 4.7124 - Face west
        <portal>1 map_name 0 2 16 0</portal>
    </portals>

    <events>
        # Event number, type, tile x, y, trigger tile x, y, database map name, repeat
        # Type 1: trigger object on tile
        # Type 2: map warp event
    </events>

    <rooms>
        # roomTypeNone         =  0, // None / empty
        # roomTypeCell         =  1, // Prison Cell
        # roomTypeSecret       =  2, // Secret room
        # roomTypeStairwell    =  3, // Stairwell
        # roomTypeStore        =  4, // Store
        # roomTypeBlacksmith   =  5, // Blacksmith
        # roomTypeCanteen      =  6, // Canteen
        # roomTypeStorage      =  7, // Storage room
        # roomTypeLibrary      =  8, // Library
        # roomTypeAlchemyLab   =  9, // Alchemy Lab
        # roomTypeLaboratory   = 10, // Laboratory
        # roomTypeTorture      = 11  // Torture Chamber
        #Tile x, y, (any within the room), type, ignore room number (use for the interconnecting route, -1 for none)
    </rooms>

    <npc_mobs>
        # database name, number, scale min, scale max, prevalence
        <npc_mob>spider_leader_1 0 0.9 1.0 5</npc_mob>
    </npc_mobs>

    <debris_objects>
        # database name, scale min, scale max, prevalence
        <debris>bones 0.5 1 40</debris>
    </debris_objects>

    <npcs>
        # database name, number, tile x, y, scale x, y, z, rotation x, y, z
    </npcs>

    <objects>
        # database name, number, tile x, y, scale x, y, z, rotation x, y, z, trigger tile x, y, trigger event number
    </objects>

</map>
