<?xml version = "1.0" encoding = "UTF-8" ?>
<map>
    <information>
        <map_name>town_1_001</map_name>
        <map_biome>town_1</map_biome>
        <map_tiles_x>66</map_tiles_x>
        <map_tiles_y>72</map_tiles_y>
        <map_seed>15</map_seed> # 15
        <map_music_name>town_1</map_music_name>
        <map_music_number>1</map_music_number>
        <map_enable_walls>1</map_enable_walls>
        <map_enable_floors>1</map_enable_floors>
        <map_enable_rooms>1</map_enable_rooms>
        <map_enable_doors>1</map_enable_doors>
        <map_enable_torches>0</map_enable_torches>
        <map_enable_chests>0</map_enable_chests>
        <map_enable_objects>1</map_enable_objects>
        <map_enable_npcs>1</map_enable_npcs>
        <world_orientation>0 0 1</world_orientation>
        <set_town>town_1_001</set_town>
    </information>

    <tile_data>
        # tileNone           =  0,  // None
        # tileFloor          =  1,  // Floor tile
        # tilePath           =  2,  // Path tile
        # tileFloorNoGo      =  3,  // Floor no go tile
        # tilePathNoGo       =  4,  // Path no go tile
        # tileWallTall       =  5,  // Wall tall tile
        # tileWallTallHole   =  6,  // Wall tall tile - hole
        # tileWallShort      =  7,  // Wall short tile
        # tileDoorWay        =  8,  // DoorWay tile
        # tileDoorwayNoGo    =  9   // Doorway no go tile
       <tiles>5,5,5,5,5,5,5,5,5,5,5,5,5,5,5,5,5,5,5,5,5,5,5,5,5,5,5,5,5,5,5,5,5,5,5,5,5,5,5,5,5,5,5,5,5,5,5,0,0,0,0,0,0,0,5,5,5,5,5,5,5,5,5,5,5,5</tiles>
       <tiles>5,5,5,5,5,5,5,5,5,5,5,5,5,5,5,5,5,5,5,5,5,5,5,5,5,5,5,5,5,5,5,5,5,5,5,5,5,5,5,5,5,5,5,5,5,5,5,0,0,0,0,0,0,0,5,5,5,5,5,5,5,5,5,5,5,5</tiles>
       <tiles>5,5,5,5,5,5,5,5,5,5,5,5,5,5,5,5,5,5,5,5,5,5,5,5,5,5,5,5,5,5,5,5,5,5,5,5,5,5,5,5,5,5,5,5,5,5,5,0,0,0,0,0,0,0,5,5,5,5,5,5,5,5,5,5,5,5</tiles>
       <tiles>5,5,5,5,5,5,5,5,5,5,5,5,5,1,5,5,1,1,1,5,5,5,5,5,5,1,1,5,5,5,5,1,1,1,1,1,1,1,5,5,5,5,5,5,5,5,5,0,0,0,0,0,0,0,5,5,5,1,1,1,1,5,5,5,5,5</tiles>
       <tiles>5,5,5,5,5,5,5,5,5,5,5,5,5,1,1,1,1,1,1,1,1,5,5,5,1,1,1,1,5,5,1,1,1,1,1,1,1,1,1,5,5,5,5,5,5,5,5,0,0,0,0,0,0,0,5,5,1,1,1,1,1,1,5,5,5,5</tiles>
       <tiles>5,5,5,5,5,5,5,5,5,5,5,5,1,1,1,1,1,1,1,1,1,1,5,5,1,1,1,1,1,1,1,1,1,1,1,1,1,1,1,5,5,5,5,5,5,1,1,0,0,0,0,0,0,0,1,1,1,1,1,1,1,1,5,5,5,5</tiles>
       <tiles>5,5,5,5,5,5,5,5,5,5,1,1,1,1,1,1,1,1,1,1,1,1,1,1,1,1,1,1,1,1,1,1,1,1,1,1,1,1,1,1,5,5,5,5,5,1,1,0,0,0,0,0,0,0,1,1,1,1,1,1,1,1,1,5,5,5</tiles>
       <tiles>5,5,5,5,5,5,5,5,1,1,1,1,1,1,1,1,1,1,1,1,1,1,1,1,1,1,1,1,1,1,1,1,1,1,1,1,1,1,1,1,1,5,5,5,1,1,1,0,0,0,0,0,0,0,1,1,1,1,1,1,1,1,1,5,5,5</tiles>
       <tiles>5,5,5,5,5,5,5,1,1,1,1,1,1,1,1,1,1,1,1,1,1,1,1,1,1,1,1,1,1,1,1,1,1,1,1,1,1,1,1,1,1,5,5,5,1,1,1,0,0,0,0,0,0,0,1,1,1,1,1,1,1,1,1,1,5,5</tiles>
       <tiles>5,5,5,5,5,5,1,1,1,1,1,1,1,1,1,1,1,1,1,1,1,1,1,1,1,1,1,1,1,1,1,1,1,1,1,1,1,1,1,1,1,1,1,1,1,1,1,0,0,0,0,0,0,0,1,1,1,1,1,1,1,1,1,1,1,5</tiles>
       <tiles>5,5,5,5,5,5,1,1,1,1,1,1,5,5,1,1,1,1,1,1,1,1,1,1,1,1,1,1,1,1,1,1,1,1,1,1,1,1,1,1,1,1,1,1,1,1,1,0,0,0,0,0,0,0,1,1,1,1,1,1,1,1,1,1,1,5</tiles>
       <tiles>5,5,5,5,5,5,1,1,1,1,1,5,5,5,5,1,1,1,1,1,1,1,1,1,1,1,1,1,1,1,1,1,1,1,1,1,1,1,1,1,1,1,1,1,1,1,1,0,0,0,0,0,0,0,1,1,1,1,1,1,1,1,1,1,5,5</tiles>
       <tiles>5,5,5,5,5,1,1,1,1,1,5,5,5,5,5,5,1,1,1,1,1,1,1,1,1,1,1,1,1,1,1,1,1,1,1,1,1,1,1,1,1,1,1,1,1,1,1,0,0,0,0,0,0,0,1,1,1,1,1,1,1,1,1,1,5,5</tiles>
       <tiles>5,5,5,5,1,1,1,1,1,1,5,5,5,5,5,5,1,1,1,1,1,1,1,1,1,1,1,1,1,1,1,1,1,1,1,1,1,1,1,1,1,1,1,1,1,1,1,0,0,0,0,0,0,0,1,1,1,1,1,1,1,1,1,1,1,5</tiles>
       <tiles>5,5,5,1,1,1,1,1,1,1,5,5,5,5,5,5,5,1,1,1,1,1,1,1,1,1,1,1,1,1,1,1,1,2,2,1,1,1,1,1,1,1,1,1,1,1,1,0,0,0,0,0,0,0,1,1,1,1,1,1,1,1,1,1,1,5</tiles>
       <tiles>5,5,5,1,1,1,1,1,1,1,1,5,5,5,5,5,5,5,1,1,1,1,1,1,1,1,1,1,1,1,1,1,1,2,2,1,1,1,1,1,1,1,1,1,1,1,1,0,0,0,0,0,0,0,1,1,1,1,1,1,1,1,1,1,1,5</tiles>
       <tiles>5,5,5,5,1,1,1,1,1,1,1,1,5,5,5,5,5,5,1,1,1,1,1,1,1,1,1,1,1,1,1,1,1,2,2,1,1,1,1,1,1,1,1,1,1,1,1,0,0,0,0,0,0,0,1,1,1,1,1,1,1,1,1,5,5,5</tiles>
       <tiles>5,5,5,5,5,1,1,1,1,1,1,1,1,1,5,5,5,5,1,1,1,1,1,1,1,1,1,1,1,1,1,1,1,2,2,1,1,1,1,1,1,1,1,1,1,1,1,0,0,0,0,0,0,0,1,1,1,1,2,2,1,1,1,5,5,5</tiles>
       <tiles>5,5,5,5,5,5,1,1,1,1,1,1,1,1,1,5,5,1,1,1,1,1,1,1,1,1,1,1,1,1,1,1,1,2,2,1,1,1,1,1,1,1,1,1,1,1,1,0,0,0,0,0,0,0,1,1,1,1,2,2,1,1,1,1,5,5</tiles>
       <tiles>5,5,5,5,5,5,1,1,1,1,1,1,1,1,1,1,1,1,1,1,1,1,1,1,1,1,1,1,1,1,1,1,1,2,2,1,1,1,1,1,1,1,1,1,1,1,1,0,0,0,0,0,0,0,1,1,1,1,2,2,1,1,1,1,5,5</tiles>
       <tiles>5,5,5,5,5,1,1,1,1,1,1,1,1,1,1,1,1,1,1,1,1,1,1,1,1,1,1,1,1,1,1,1,1,2,2,1,1,1,1,1,1,1,1,1,1,1,1,0,0,0,0,0,0,0,1,1,1,1,2,2,1,1,1,1,5,5</tiles>
       <tiles>5,5,5,5,1,1,1,1,1,1,1,1,1,1,1,1,1,1,1,1,1,1,1,1,1,1,1,1,1,1,1,1,1,2,2,1,1,1,1,1,1,1,1,1,1,1,1,0,0,0,0,0,0,0,1,1,1,1,2,2,1,1,1,5,5,5</tiles>
       <tiles>5,5,5,1,1,1,1,1,1,1,1,1,1,1,1,1,1,1,1,1,1,1,1,1,1,1,1,1,1,1,1,1,1,2,2,1,1,1,1,1,1,1,1,1,1,1,1,0,0,0,0,0,0,0,1,5,5,5,2,2,1,1,1,5,5,5</tiles>
       <tiles>5,5,5,1,1,1,1,1,1,1,1,1,1,1,1,1,1,1,1,1,1,1,1,1,1,1,1,1,1,1,1,1,1,2,2,1,1,1,1,1,1,1,1,1,1,1,1,0,0,0,0,0,0,0,1,5,5,5,2,2,1,1,1,1,5,5</tiles>
       <tiles>5,5,5,5,5,1,1,1,1,1,1,1,1,1,1,1,1,1,1,1,1,1,1,1,1,1,1,1,1,1,1,1,1,2,2,1,1,1,1,1,1,1,1,1,1,1,1,0,0,0,0,0,0,0,1,1,1,1,2,2,1,1,1,1,5,5</tiles>
       <tiles>5,5,5,5,5,1,1,1,1,1,1,1,1,1,1,1,1,1,1,1,1,1,1,1,1,1,1,1,1,1,1,1,1,2,2,1,1,1,1,1,1,1,1,1,1,1,1,0,0,0,0,0,0,0,1,1,1,1,2,2,1,1,1,5,5,5</tiles>
       <tiles>5,5,5,1,1,1,1,1,1,1,1,1,1,1,1,1,1,1,1,1,1,1,1,1,1,1,1,1,1,1,1,1,1,2,2,1,1,1,1,1,1,1,1,1,1,1,1,0,0,0,0,0,0,0,1,1,1,1,2,2,1,1,5,5,5,5</tiles>
       <tiles>5,5,5,1,1,1,1,1,1,1,1,1,1,1,1,1,1,1,1,1,1,1,1,1,1,1,1,1,1,1,1,1,1,2,2,1,1,1,1,1,1,1,1,1,1,1,1,0,0,0,0,0,0,0,1,1,1,1,2,2,1,1,5,5,5,5</tiles>
       <tiles>5,5,5,5,1,1,1,1,1,1,1,1,1,1,1,1,1,1,1,1,1,1,1,1,1,1,1,1,1,1,1,1,1,2,2,1,1,1,1,1,1,1,1,1,1,1,1,0,0,0,0,0,0,0,1,1,1,1,2,2,1,1,1,5,5,5</tiles>
       <tiles>5,5,5,5,5,1,1,1,1,1,1,1,1,1,1,1,1,1,1,1,1,1,1,1,1,1,1,1,1,1,1,1,1,2,2,1,1,1,1,1,1,1,1,1,1,1,1,0,0,0,0,0,0,0,1,1,1,1,2,2,1,1,1,1,5,5</tiles>
       <tiles>5,5,5,5,5,1,1,1,1,1,1,1,1,1,1,1,1,1,1,1,1,1,1,1,1,1,1,1,1,1,1,1,1,2,2,1,1,1,1,1,1,1,1,1,1,1,1,0,0,0,0,0,0,0,1,1,1,1,2,2,1,1,1,1,5,5</tiles>
       <tiles>5,5,5,5,1,1,1,1,1,1,1,1,1,1,1,1,1,1,1,1,1,1,1,1,1,1,1,1,1,1,1,1,1,2,2,1,1,1,1,1,1,1,1,1,1,1,1,0,0,0,0,0,0,0,1,1,1,1,2,2,1,1,1,1,5,5</tiles>
       <tiles>5,5,5,1,1,1,1,1,1,1,1,1,1,1,1,1,1,1,1,1,1,1,1,1,1,1,1,1,1,1,1,1,2,2,2,2,1,1,1,1,1,1,1,1,1,1,1,0,0,0,0,0,0,0,1,1,1,1,2,2,1,1,1,1,1,1</tiles>
       <tiles>5,5,5,1,1,1,1,1,1,1,1,1,1,1,2,2,2,2,2,2,2,2,2,2,2,2,2,2,2,2,2,2,2,4,4,2,2,2,2,2,2,2,2,2,2,2,2,2,2,2,2,2,2,2,2,2,2,2,2,2,2,2,2,1,1,1</tiles>
       <tiles>5,5,5,1,1,1,1,1,1,1,1,1,1,1,2,2,2,2,2,2,2,2,2,2,2,2,2,2,2,2,2,2,2,4,4,2,2,2,2,2,2,2,2,2,2,2,2,2,2,2,2,2,2,2,2,2,2,2,2,2,2,2,2,1,1,1</tiles>
       <tiles>5,5,5,1,1,1,1,1,1,1,1,1,1,1,1,1,1,1,1,1,1,1,1,1,1,1,1,1,1,1,1,1,2,2,2,2,1,1,1,1,1,1,1,1,1,1,1,0,0,0,0,0,0,0,1,1,2,2,1,1,1,1,1,1,1,1</tiles>
       <tiles>5,5,5,5,1,1,1,1,1,1,1,1,1,1,1,1,1,1,1,1,1,1,1,1,1,1,1,1,1,1,1,1,1,2,2,1,1,1,1,1,1,1,1,1,1,1,1,0,0,0,0,0,0,0,1,1,2,2,1,1,1,1,1,1,5,5</tiles>
       <tiles>5,5,5,5,5,1,1,1,1,1,1,1,1,1,1,1,1,1,1,1,1,1,1,1,1,1,1,1,1,1,1,1,1,2,2,1,1,1,1,1,1,1,1,1,1,1,1,0,0,0,0,0,0,0,1,1,2,2,1,1,1,1,1,1,5,5</tiles>
       <tiles>5,5,5,5,5,1,1,1,1,1,1,1,1,1,1,1,1,1,1,1,1,1,1,1,1,1,1,1,1,1,1,1,1,2,2,1,1,1,1,1,1,1,1,1,1,1,1,0,0,0,0,0,0,0,1,1,2,2,1,1,1,1,1,5,5,5</tiles>
       <tiles>5,5,5,5,1,1,1,1,1,1,1,1,1,1,1,1,1,1,1,1,1,1,1,1,1,1,1,1,1,1,1,1,1,2,2,1,1,1,1,1,1,1,1,1,1,1,1,0,0,0,0,0,0,0,1,1,2,2,1,1,1,1,1,5,5,5</tiles>
       <tiles>5,5,5,1,1,1,1,1,1,1,1,1,1,1,1,1,1,1,1,1,1,1,1,1,1,1,1,1,1,1,1,1,1,2,2,1,1,1,1,1,1,1,1,1,1,1,1,0,0,0,0,0,0,0,1,1,2,2,1,1,1,1,1,1,5,5</tiles>
       <tiles>5,5,5,1,1,1,1,1,1,1,1,1,1,1,1,1,1,1,1,1,1,1,1,1,1,1,1,1,1,1,1,1,1,2,2,1,1,1,1,1,1,1,1,1,1,1,1,0,0,0,0,0,0,0,1,1,1,1,1,1,1,1,1,5,5,5</tiles>
       <tiles>5,5,5,5,5,5,1,1,1,1,1,1,1,1,1,1,1,1,1,1,1,1,1,1,1,1,1,1,1,1,1,1,1,2,2,1,1,1,1,1,1,1,1,1,1,1,1,0,0,0,0,0,0,0,1,1,1,1,1,1,1,1,5,5,5,5</tiles>
       <tiles>5,5,5,5,5,5,5,1,1,1,1,1,1,1,1,1,1,1,1,1,1,1,1,1,1,1,1,1,1,1,1,1,1,2,2,1,1,1,1,1,1,1,1,1,1,1,1,0,0,0,0,0,0,0,1,1,1,1,1,1,1,5,5,5,5,5</tiles>
       <tiles>5,5,5,5,5,5,5,5,1,1,1,1,1,1,1,1,1,1,1,1,1,1,1,1,1,1,1,1,1,1,1,1,1,2,2,1,1,1,1,1,1,1,1,1,1,1,1,0,0,0,0,0,0,0,1,1,1,1,1,1,1,5,5,5,5,5</tiles>
       <tiles>5,5,5,5,5,5,5,5,5,5,1,1,1,1,1,1,1,1,1,1,1,1,1,1,1,1,1,1,1,1,1,1,1,2,2,1,1,1,1,1,1,1,1,1,1,1,1,0,0,0,0,0,0,0,1,1,1,1,1,1,1,1,5,5,5,5</tiles>
       <tiles>5,5,5,5,5,5,5,5,5,5,5,1,1,1,1,1,1,1,1,1,1,1,1,1,1,1,1,1,1,1,1,1,1,2,2,1,1,1,1,1,1,1,1,1,1,1,1,0,0,0,0,0,0,0,1,1,1,1,1,1,1,1,1,5,5,5</tiles>
       <tiles>5,5,5,5,5,5,5,5,5,5,5,1,1,5,5,1,1,1,1,1,1,1,1,1,1,1,1,1,1,1,1,1,1,1,1,1,1,1,1,1,1,1,1,1,1,1,1,0,0,0,0,0,0,0,1,1,1,1,5,5,1,1,1,1,5,5</tiles>
       <tiles>5,5,5,5,5,5,5,5,5,5,5,5,5,5,5,5,5,1,1,1,1,1,1,1,1,1,1,1,1,1,1,1,1,1,1,1,1,1,1,1,1,1,1,1,1,1,1,0,0,0,0,0,0,0,1,1,1,1,5,5,1,1,1,1,5,5</tiles>
       <tiles>5,5,5,5,5,5,5,5,5,5,5,5,5,5,5,5,5,1,1,1,1,1,1,1,1,1,1,1,1,1,1,1,1,1,1,1,1,1,1,1,1,1,1,1,1,1,1,0,0,0,0,0,0,0,1,1,1,1,5,5,1,1,1,1,5,5</tiles>
       <tiles>5,5,5,5,5,5,5,5,5,5,5,5,5,5,5,5,5,5,1,1,1,1,1,1,1,1,1,1,1,1,1,1,1,1,1,1,1,1,1,1,1,1,1,1,1,1,1,0,0,0,0,0,0,0,1,1,1,1,1,1,1,1,1,5,5,5</tiles>
       <tiles>5,5,5,5,5,5,5,5,5,5,5,5,5,5,5,5,5,5,5,5,1,1,1,1,1,1,1,1,1,1,1,1,1,1,1,1,1,1,1,1,1,1,1,1,1,1,1,0,0,0,0,0,0,0,1,1,1,1,1,1,1,1,1,5,5,5</tiles>
       <tiles>5,5,5,5,5,5,5,5,5,5,5,5,5,5,5,5,5,5,5,5,1,1,1,1,1,1,1,1,1,1,1,1,1,1,1,1,1,1,1,1,1,1,1,1,1,1,1,0,0,0,0,0,0,0,1,1,1,1,1,1,1,1,5,5,5,5</tiles>
       <tiles>5,5,5,5,5,5,5,5,5,5,5,5,5,5,5,5,5,5,5,5,5,1,1,1,1,1,1,1,1,1,1,1,1,1,1,1,1,1,1,1,1,1,1,1,1,1,1,0,0,0,0,0,0,0,1,1,1,1,1,1,1,1,5,5,5,5</tiles>
       <tiles>5,5,5,5,5,5,5,5,5,5,5,5,5,5,5,5,5,5,5,5,5,5,1,1,1,1,1,1,1,1,1,1,1,1,1,1,1,1,1,1,1,1,1,1,1,1,1,0,0,0,0,0,0,0,1,1,1,1,1,1,1,5,5,5,5,5</tiles>
       <tiles>5,5,5,5,5,5,5,5,5,5,5,5,5,5,5,5,5,5,5,5,5,5,1,1,1,1,1,1,1,1,1,1,1,1,1,1,1,1,1,1,1,1,1,1,1,1,1,0,0,0,0,0,0,0,1,1,1,1,1,1,1,5,5,5,5,5</tiles>
       <tiles>5,5,5,5,5,5,5,5,5,5,5,5,5,5,5,5,5,5,5,5,1,1,1,1,1,1,1,1,1,1,1,1,1,1,1,1,1,1,1,1,1,1,1,1,1,1,1,0,0,0,0,0,0,0,1,1,1,1,1,1,1,1,5,5,5,5</tiles>
       <tiles>5,5,5,5,5,5,5,5,5,5,5,5,5,5,5,5,5,5,5,5,1,1,1,1,1,1,1,1,1,1,1,1,1,1,1,1,1,1,1,5,5,1,1,1,1,1,1,0,0,0,0,0,0,0,1,1,1,1,1,1,1,1,1,5,5,5</tiles>
       <tiles>5,5,5,5,5,5,5,5,5,5,5,5,5,5,5,5,5,5,1,1,1,1,1,1,1,1,1,1,1,1,1,1,1,1,1,1,1,1,1,5,5,1,1,1,1,1,1,0,0,0,0,0,0,0,1,1,1,1,5,5,1,1,1,1,5,5</tiles>
       <tiles>5,5,5,5,5,5,5,5,5,5,5,5,5,5,5,5,5,1,1,1,1,1,1,1,1,1,1,1,1,1,1,1,1,1,1,1,1,5,5,5,5,5,5,5,1,1,1,0,0,0,0,0,0,0,1,1,1,5,5,5,5,1,1,1,5,5</tiles>
       <tiles>5,5,5,5,5,5,5,5,5,5,5,5,5,5,5,5,1,1,1,1,1,1,1,1,1,1,1,1,1,1,1,1,1,1,1,5,5,5,5,5,5,5,5,5,5,1,1,0,0,0,0,0,0,0,1,1,1,5,5,5,5,1,1,5,5,5</tiles>
       <tiles>5,5,5,5,5,5,5,5,5,5,5,5,5,5,5,1,1,1,1,1,1,1,1,1,1,1,1,1,1,1,1,1,5,5,5,5,5,5,5,5,5,5,5,5,5,5,1,0,0,0,0,0,0,0,1,5,5,5,5,5,5,1,1,5,5,5</tiles>
       <tiles>5,5,5,5,5,5,5,5,5,5,5,5,5,5,5,1,1,1,1,1,1,1,1,1,1,1,1,1,1,1,1,1,5,5,5,5,5,5,5,5,5,5,5,5,5,5,5,0,0,0,0,0,0,0,5,5,5,5,5,5,5,1,1,5,5,5</tiles>
       <tiles>5,5,5,5,5,5,5,5,5,5,5,5,5,5,5,5,1,1,1,1,1,5,5,1,1,1,1,1,1,1,1,5,5,5,5,5,5,5,5,5,5,5,5,5,5,5,5,0,0,0,0,0,0,0,5,5,5,5,5,5,1,1,1,1,5,5</tiles>
       <tiles>5,5,5,5,5,5,5,5,5,5,5,5,5,5,5,5,5,1,1,1,5,5,5,5,1,1,1,5,5,1,1,5,5,5,5,5,5,5,5,5,5,5,5,5,5,5,5,0,0,0,0,0,0,0,5,5,5,5,5,1,1,1,1,1,5,5</tiles>
       <tiles>5,5,5,5,5,5,5,5,5,5,5,5,5,5,5,5,5,5,5,5,5,5,5,5,5,5,5,5,5,5,5,5,5,5,5,5,5,5,5,5,5,5,5,5,5,5,5,0,0,0,0,0,0,0,5,5,5,1,1,1,1,1,1,1,5,5</tiles>
       <tiles>5,5,5,5,5,5,5,5,5,5,5,5,5,5,5,5,5,5,5,5,5,5,5,5,5,5,5,5,5,5,5,5,5,5,5,5,5,5,5,5,5,5,5,5,5,5,5,0,0,0,0,0,0,0,5,5,5,1,1,1,1,1,1,5,5,5</tiles>
       <tiles>5,5,5,5,5,5,5,5,5,5,5,5,5,5,5,5,5,5,5,5,5,5,5,5,5,5,5,5,5,5,5,5,5,5,5,5,5,5,5,5,5,5,5,5,5,5,5,0,0,0,0,0,0,0,5,5,5,5,1,1,1,5,5,5,5,5</tiles>
       <tiles>5,5,5,5,5,5,5,5,5,5,5,5,5,5,5,5,5,5,5,5,5,5,5,5,5,5,5,5,5,5,5,5,5,5,5,5,5,5,5,5,5,5,5,5,5,5,5,0,0,0,0,0,0,0,5,5,5,5,5,1,1,5,5,5,5,5</tiles>
       <tiles>5,5,5,5,5,5,5,5,5,5,5,5,5,5,5,5,5,5,5,5,5,5,5,5,5,5,5,5,5,5,5,5,5,5,5,5,5,5,5,5,5,5,5,5,5,5,5,0,0,0,0,0,0,0,5,5,5,5,5,5,5,5,5,5,5,5</tiles>
       <tiles>5,5,5,5,5,5,5,5,5,5,5,5,5,5,5,5,5,5,5,5,5,5,5,5,5,5,5,5,5,5,5,5,5,5,5,5,5,5,5,5,5,5,5,5,5,5,5,0,0,0,0,0,0,0,5,5,5,5,5,5,5,5,5,5,5,5</tiles>
       <tiles>5,5,5,5,5,5,5,5,5,5,5,5,5,5,5,5,5,5,5,5,5,5,5,5,5,5,5,5,5,5,5,5,5,5,5,5,5,5,5,5,5,5,5,5,5,5,5,0,0,0,0,0,0,0,5,5,5,5,5,5,5,5,5,5,5,5</tiles>
    </tile_data>

    <player>
    # This is used when not warping from a prior map
        <player_start_tile>57 34</player_start_tile>
        <player_start_rotation>1.5708</player_start_rotation>
    </player>

    <conditions>
        # Condition number, state

        <condition>1 0</condition>
    </conditions>

    <portals>
        # These are used when warping from a prior map
        # Portal number, map from database name, and portal, tile location x, y, player face direction
        # 0.0000 - Face south
        # 1.5708 - Face east
        # 3.1416 - Face north
        # 4.7124 - Face west
        <portal>1 cave_1_001 0 61 34 1.5708</portal>
        <portal>2 town_2_001 0 12 34 4.7124</portal>
    </portals>

    <events>
        # Event number, type, tile x, y, trigger tile x, y, database map name, repeat
        # Type 1: trigger object on tile
        # Type 2: map warp event
        # Type 3: set map condition event
        # Type 4: activate menu

        <event>1 2  01 00  00 00  cave_1_001 0</event>
        <event>2 2  02 00  00 00  town_2_001 0</event>
        <event>3 4  02 00  00 00  waypoints  0</event>
    </events>

    <rooms>
        # roomTypeNone         =  0, // None / empty
        # roomTypeCell         =  1, // Prison Cell
        # roomTypeSecret       =  2, // Secret room
        # roomTypeStairwell    =  3, // Stairwell
        # roomTypeStore        =  4, // Store
        # roomTypeBlacksmith   =  5, // Blacksmith
        # roomTypeCanteen      =  6, // Canteen
        # roomTypeStorage      =  7, // Storage room
        # roomTypeLibrary      =  8, // Library
        # roomTypeAlchemyLab   =  9, // Alchemy Lab
        # roomTypeLaboratory   = 10, // Laboratory
        # roomTypeTorture      = 11  // Torture Chamber
        #Tile x, y, (any within the room), type, ignore room number (use for the interconnecting route, -1 for none)
    </rooms>

    <npc_mobs>
        # database name, number, prevalence
    </npc_mobs>

    <debris_objects>
        # database name, scale min, scale max, prevalence
        <debris>rock_small 0.50 1.0  060</debris>
        <debris>dead_tree  0.50 1.0  070</debris>
        <debris>grass_1    0.75 1.0  125</debris>
    </debris_objects>

    <npcs>
        # database name, number, tile x, y, scale x, y, z, rotation x, y, z
        <npc>blacksmith       1  025 031  0.0000 0.0000 0.0000  0.0000 3.1416 0.0000</npc>
        <npc>dead_body        1  038 042  0.0000 0.0000 0.0000  0.0000 0.0000 0.0000</npc>
        <npc>trader           1  030 043  0.0000 0.0000 0.0000  0.0000 4.7124 0.0000</npc>
        <#npc>mudeater_1       1  030 043  0.0000 0.0000 0.0000  0.0000 4.7124 0.0000</npc>
    </npcs>

    <objects>
        # database name, number, tile x, y, scale x, y, z, rotation x, y, z, trigger tile x, y, trigger event number
        
        # Portals
        <object>portal_cave_right  1  065 032  0.0000 0.0000 0.0000  0.0000 1.5708 0.0000 000 000 1</object>
        <object>portal_cave_center 1  065 033  0.0000 0.0000 0.0000  0.0000 1.5708 0.0000 000 000 1</object>
        <object>portal_cave_center 1  065 034  0.0000 0.0000 0.0000  0.0000 1.5708 0.0000 000 000 1</object>
        <object>portal_cave_left   1  065 035  0.0000 0.0000 0.0000  0.0000 1.5708 0.0000 000 000 1</object>

        <object>waypoint_circle    1  008 034  0.0000 0.0000 0.0000  0.0000 1.5708 0.0000 000 000 3</object>
        
        # river
        <object>river              1  050 006  0.0000 0.0000 0.0000  0.0000 0.0000 0.0000 000 000 0</object>
        <object>river              1  050 016  0.0000 0.0000 0.0000  0.0000 0.0000 0.0000 000 000 0</object>
        <object>river              1  050 026  0.0000 0.0000 0.0000  0.0000 0.0000 0.0000 000 000 0</object>
        <object>river              1  050 036  0.0000 0.0000 0.0000  0.0000 0.0000 0.0000 000 000 0</object>
        <object>river              1  050 046  0.0000 0.0000 0.0000  0.0000 0.0000 0.0000 000 000 0</object>
        <object>river              1  050 056  0.0000 0.0000 0.0000  0.0000 0.0000 0.0000 000 000 0</object>
        <object>river              1  050 066  0.0000 0.0000 0.0000  0.0000 0.0000 0.0000 000 000 0</object>

        # Bridge
        <object>bridge             1  050 033  0.0000 0.0000 0.0000  0.0000 0.0000 0.0000 000 000 0</object>

        # town central
        <object>medieval_prop      5  034 034  0.0000 0.0000 0.0000  0.0000 1.5708 0.0000 000 000 0</object> # well
        <object>medieval_prop      4  046 031  0.0000 0.0000 0.0000  0.0000 3.1416 0.0000 000 000 0</object> # Watch tower
        <object>medieval_prop      4  046 037  0.0000 0.0000 0.0000  0.0000 3.1416 0.0000 000 000 0</object> # Watch tower
        <object>medieval_prop      7  042 018  0.0000 0.0000 0.0000  0.0000 0.0000 0.0000 000 000 0</object> # Out house
        <object>medieval_prop      2  045 026  0.0000 0.0000 0.0000  0.0000 1.5708 0.0000 000 000 0</object> # Broken cart

        <object>medieval_building  1  024 028  0.0000 0.0000 0.0000  0.0000 1.5708 0.0000 000 000 0</object> # Medieval blacksmith building
        <object>medieval_building  2  040 025  0.0000 0.0000 0.0000  0.0000 1.5708 0.0000 000 000 0</object> # Medieval house
        <object>medieval_building  2  026 043  0.0000 0.0000 0.0000  0.0000 3.1416 0.0000 000 000 0</object> # Medieval house
        <object>medieval_building  4  045 043  0.0000 0.0000 0.0000  0.0000 1.5708 0.0000 000 000 0</object> # Medeival sawmill

        <object>torture_device    12  027 036  0.0000 0.0000 0.0000  0.0000 1.5708 0.0000 000 000 0</object> # Stocks
        <object>old_wagon          1  029 027  0.0000 0.0000 0.0000  0.0000 1.5708 0.0000 000 000 0</object> # old wagon
        <object>skeleton           1  030 024  0.0000 0.0000 0.0000  0.0000 1.5708 0.0000 000 000 0</object> # Skeleton horse

        <object>dead_tree          1  037 042  0.0000 0.0000 0.0000  0.0000 0.0000 0.0000 000 000 0</object> # Dead tree
        <object>dead_tree          1  039 046  0.0000 0.0000 0.0000  0.0000 1.5708 0.0000 000 000 0</object> # Dead tree
        <object>dead_tree          1  024 038  0.0000 0.0000 0.0000  0.0000 3.1416 0.0000 000 000 0</object> # Dead tree
        <object>rock               1  038 037  0.0000 0.0000 0.0000  0.0000 0.0000 0.0000 000 000 0</object> # Rock

        <object>barrel             1  029 040  0.0000 0.0000 0.0000  0.0000 0.0000 0.0000 000 000 0</object>
        <object>barrel             1  029 041  0.0000 0.0000 0.0000  0.0000 0.0000 0.0000 000 000 0</object>
        <object>crate              1  029 045  0.0000 0.0000 0.0000  0.0000 0.0000 0.0000 000 000 0</object>
        <object>vase               2  037 028  0.0000 0.0000 0.0000  0.0000 0.0000 0.0000 000 000 0</object>

        <#object>1700 chest             1  1.0 0.0000 1 0</object> # Chest

    </objects>

</map>



